4.266960830000e-02
1.585429430000e-02
1.891185360000e-02
1.832612802000e-01
2.477219710000e-02
2.498675410000e-02
9.801051050000e-02
1.990802540000e-02
2.006155050000e-01
3.445863750000e-02
1.588204073000e-01
5.433421730000e-02
3.570068570000e-02
8.853849770000e-02
4.464643400000e-02
1.711333242000e-01
4.072517790000e-02
5.792582640000e-02
5.388942420000e-02
5.787297440000e-02
1.078451120000e-01
5.387931840000e-02
3.490642310000e-02
1.710366857000e-01
3.734541300000e-02
3.082057900000e-02
1.018984178000e-01
3.387289370000e-02
4.814283770000e-02
5.273917500000e-02
6.527723410000e-02
7.059091540000e-02
1.669223525000e-01
2.699624580000e-02
5.400998850000e-02
1.067009575000e-01
5.471454210000e-02
4.471854010000e-02
5.724413820000e-02
3.731498910000e-02
7.186113280000e-02
9.669990740000e-02
4.881888520000e-02
8.235090860000e-02
5.810732330000e-02
5.567648150000e-02
4.391196900000e-02
9.707345490000e-02
4.847842180000e-02
1.402797103000e-01
5.853049600000e-02
3.678236050000e-02
6.391749960000e-02
1.299614820000e-01
1.221596548000e-01
2.037319557000e-01
1.328593405000e-01
5.708970480000e-02
5.887716140000e-02
5.275221910000e-02
1.154961048000e-01
1.189364107000e-01
1.548452316000e-01
1.465635978000e-01
1.401091087000e-01
1.434801792000e-01
5.932899910000e-02
4.786714350000e-02
5.498164120000e-02
6.885881140000e-02
4.986718070000e-02
1.553311709000e-01
6.937149530000e-02
6.938863130000e-02
9.822967800000e-02
6.681824110000e-02
1.400034502000e-01
3.948868250000e-02
1.729635032000e-01
3.812509670000e-02
3.202120030000e-02
1.056280280000e-01
7.653896330000e-02
3.194816980000e-02
1.559034113000e-01
7.152868800000e-02
1.238953290000e-01
1.684910261000e-01
2.015265441000e-01
1.947873050000e-01
2.574811400000e-02
1.426361224000e-01
9.084413030000e-02
5.273917500000e-02
5.724413820000e-02
5.388942420000e-02
1.703159388000e-01
8.122504240000e-02
9.430287860000e-02
1.589424639000e-01
1.605875344000e-01
1.732163682000e-01
6.854078010000e-02
6.519788790000e-02
8.235090860000e-02
1.959245009000e-01
9.061706270000e-02
1.210277926000e-01
2.072258807000e-01
2.286296905000e-01
7.076810300000e-02
6.184625670000e-02
1.545175262000e-01
4.881888520000e-02
1.356069542000e-01
9.955479150000e-02
1.374512001000e-01
8.319414730000e-02
1.723437519000e-01
1.655211169000e-01
1.173467505000e-01
1.493390136000e-01
1.638856978000e-01
2.384963030000e-01
1.505214683000e-01
1.545852769000e-01
7.544473360000e-02
1.836318820000e-01
2.092897786000e-01
1.964764799000e-01
1.315129317000e-01
1.875999938000e-01
7.942964640000e-02
1.243760444000e-01
6.850214700000e-02
1.738650768000e-01
5.870666970000e-02
1.224660392000e-01
1.559034113000e-01
1.285097743000e-01
9.108078470000e-02
5.949642000000e-02
5.941000780000e-02
1.799051510000e-01
1.759443394000e-01
1.572006164000e-01
5.724413820000e-02
2.248892219000e-01
1.966981297000e-01
6.909909930000e-02
8.122504240000e-02
2.475715905000e-01
1.947873050000e-01
1.563023219000e-01
1.328181215000e-01
2.384963030000e-01
1.340984834000e-01
1.086352472000e-01
1.493390136000e-01
1.465331988000e-01
7.901972300000e-02
1.221130928000e-01
1.994034817000e-01
6.517216870000e-02
1.658696628000e-01
1.192802505000e-01
1.938140270000e-01
1.655211169000e-01
1.361507444000e-01
1.096639366000e-01
1.545852769000e-01
1.421571598000e-01
1.710559450000e-01
1.631905165000e-01
1.173467505000e-01
7.404303560000e-02
1.360348633000e-01
1.344989298000e-01
1.535243707000e-01
2.224796473000e-01
1.946134175000e-01
1.864477303000e-01
1.408799902000e-01
2.081854919000e-01
1.875999938000e-01
1.028096226000e-01
6.850214700000e-02
1.757424302000e-01
1.326387241000e-01
1.243760444000e-01
1.807296798000e-01
2.023534278000e-01
1.032774771000e-01
1.793932662000e-01
1.929394138000e-01
1.532357560000e-01
1.759443394000e-01
5.724413820000e-02
1.168155099000e-01
2.600479357000e-01
1.995467327000e-01
9.240654780000e-02
2.335725661000e-01
1.746467030000e-01
1.676485842000e-01
1.966981297000e-01
1.815659709000e-01
2.057712125000e-01
1.061593293000e-01
1.033222599000e-01
1.465331988000e-01
9.954873780000e-02
1.144720178000e-01
1.583394334000e-01
1.096639366000e-01
1.009696044000e-01
2.048080660000e-01
2.384963030000e-01
1.489252723000e-01
7.068526500000e-02
1.723841843000e-01
1.192802505000e-01
2.023128447000e-01
2.262800301000e-01
1.196502095000e-01
1.421571598000e-01
2.016631750000e-01
1.030582005000e-01
1.703018135000e-01
1.683973260000e-01
8.498675230000e-02
3.030817128000e-01
1.587518883000e-01
1.920611512000e-01
1.757424302000e-01
1.555277828000e-01
3.921914840000e-02
1.881097458000e-01
1.243760444000e-01
1.448133539000e-01
1.326387241000e-01
2.573331274000e-01
7.406431470000e-02
2.023534278000e-01
1.032774771000e-01
1.903249315000e-01
5.724413820000e-02
1.746467030000e-01
2.518188854000e-01
1.532357560000e-01
2.335725661000e-01
2.471417812000e-01
2.870472950000e-01
1.777202126000e-01
8.196055490000e-02
2.722772255000e-01
1.583041305000e-01
1.048586806000e-01
1.465331988000e-01
1.982335245000e-01
1.583394334000e-01
1.033222599000e-01
1.748393939000e-01
1.421571598000e-01
2.114680424000e-01
9.148525340000e-02
1.763750893000e-01
2.292263533000e-01
1.479950941000e-01
1.027549807000e-01
1.829559009000e-01
1.333769389000e-01
1.400767024000e-01
1.031721214000e-01
1.648364468000e-01
2.252727523000e-01
3.030817128000e-01
2.002111292000e-01
1.695222181000e-01
2.316329129000e-01
2.006581899000e-01
4.722360440000e-02
8.712133220000e-02
1.555277828000e-01
1.198970164000e-01
1.657753904000e-01
7.406431470000e-02
1.493592167000e-01
1.942995573000e-01
3.209441161000e-01
1.852186790000e-01
1.746467030000e-01
2.335725661000e-01
1.505125979000e-01
2.966977742000e-01
1.777202126000e-01
1.602608641000e-01
2.783151295000e-01
3.308330277000e-01
1.222837389000e-01
1.558687273000e-01
1.768085767000e-01
1.465331988000e-01
2.254824834000e-01
1.033222599000e-01
2.108246914000e-01
1.271746212000e-01
1.718959807000e-01
9.347144580000e-02
1.591905029000e-01
1.514816154000e-01
1.299300009000e-01
1.829559009000e-01
2.302255478000e-01
1.642941351000e-01
1.421571598000e-01
2.200506335000e-01
1.923506262000e-01
1.037018543000e-01
1.606961007000e-01
2.450977189000e-01
1.659719010000e-01
1.165621547000e-01
2.055695998000e-01
9.075202750000e-02
2.234278825000e-01
9.613576360000e-02
1.024976962000e-01
1.793456263000e-01
7.345805750000e-02
3.434831780000e-01
1.234053308000e-01
1.942995573000e-01
1.884206987000e-01
2.022592991000e-01
2.464202078000e-01
3.081182925000e-01
1.508526013000e-01
1.777202126000e-01
2.974304798000e-01
1.337700089000e-01
1.351378966000e-01
1.583805943000e-01
1.768085767000e-01
2.057708424000e-01
2.264135163000e-01
1.518892780000e-01
2.097729597000e-01
9.347144580000e-02
1.576509551000e-01
1.299300009000e-01
1.655720365000e-01
1.631261214000e-01
9.898914240000e-02
1.758854589000e-01
1.391117879000e-01
1.319755753000e-01
2.284979495000e-01
2.200506335000e-01
1.965789323000e-01
1.146300653000e-01
2.450977189000e-01
1.659719010000e-01
1.255582062000e-01
1.294091955000e-01
1.151773190000e-01
2.260073600000e-01
1.250932715000e-01
1.470069496000e-01
1.067052991000e-01
2.234278825000e-01
1.284014610000e-01
3.585273679000e-01
1.884206987000e-01
9.075202750000e-02
1.246603004000e-01
2.022592991000e-01
1.942995573000e-01
1.582755599000e-01
3.088849511000e-01
2.464202078000e-01
2.004458317000e-01
1.583805943000e-01
1.337700089000e-01
1.947637805000e-01
1.768085767000e-01
1.424591979000e-01
2.302593832000e-01
1.815625704000e-01
2.097729597000e-01
1.765278419000e-01
1.034428709000e-01
1.452625752000e-01
1.636763893000e-01
1.758854589000e-01
1.391117879000e-01
1.193646427000e-01
1.296965250000e-01
1.044310789000e-01
1.181921535000e-01
2.284979495000e-01
2.164137873000e-01
1.995368025000e-01
1.151773190000e-01
1.563210126000e-01
2.450977189000e-01
1.255582062000e-01
1.250794971000e-01
2.235127439000e-01
1.884206987000e-01
1.294091955000e-01
1.429174999000e-01
1.238926541000e-01
4.032955054000e-01
9.855148820000e-02
2.268666293000e-01
1.437195838000e-01
2.153597303000e-01
1.333793343000e-01
3.461839245000e-01
2.701647409000e-01
2.276713349000e-01
1.928645303000e-01
2.464202078000e-01
1.406008082000e-01
1.843483471000e-01
1.768085767000e-01
1.337700089000e-01
1.767437214000e-01
1.657314255000e-01
2.097729597000e-01
1.452625752000e-01
2.041746487000e-01
1.034428709000e-01
1.739025420000e-01
1.864155786000e-01
1.636763893000e-01
1.181921535000e-01
1.376018959000e-01
2.436268540000e-01
1.044310789000e-01
1.994325536000e-01
2.164137873000e-01
1.419586990000e-01
1.464606960000e-01
1.884206987000e-01
1.255582062000e-01
1.256895359000e-01
2.450977189000e-01
2.268666293000e-01
1.552071449000e-01
1.971542561000e-01
1.420857805000e-01
1.522122406000e-01
1.294091955000e-01
1.134180314000e-01
3.578409303000e-01
1.463729025000e-01
2.153597303000e-01
1.437195838000e-01
2.276713349000e-01
2.589561804000e-01
1.914084568000e-01
1.337700089000e-01
1.768085767000e-01
1.273151579000e-01
1.992529687000e-01
2.461530220000e-01
2.188865660000e-01
1.657314255000e-01
1.452625752000e-01
1.731482199000e-01
1.173911179000e-01
2.148997218000e-01
1.894712417000e-01
1.787090680000e-01
1.636763893000e-01
1.206204000000e-01
1.640696270000e-01
1.376018959000e-01
1.094880808000e-01
2.436268540000e-01
2.035928068000e-01
7.937966440000e-02
1.347126045000e-01
1.516523081000e-01
1.256895359000e-01
2.450977189000e-01
1.552071449000e-01
1.701135399000e-01
1.439084094000e-01
1.569675234000e-01
1.463729025000e-01
2.276713349000e-01
1.223808146000e-01
1.134180314000e-01
2.608252624000e-01
1.414868963000e-01
2.153597303000e-01
1.899236712000e-01
1.351893971000e-01
1.889870448000e-01
1.585653889000e-01
1.273151579000e-01
2.461530220000e-01
1.876113988000e-01
1.452625752000e-01
1.556554658000e-01
1.151690628000e-01
1.693382918000e-01
2.150146457000e-01
1.915558455000e-01
1.636763893000e-01
1.856084318000e-01
2.436268540000e-01
1.640696270000e-01
1.206204000000e-01
1.381032876000e-01
9.299412930000e-02
1.810050081000e-01
1.132332823000e-01
2.450977189000e-01
1.529874817000e-01
1.313303878000e-01
1.428905100000e-01
1.439084094000e-01
1.326524668000e-01
1.579847868000e-01
1.684694667000e-01
2.276713349000e-01
1.463729025000e-01
1.323214579000e-01
1.233885491000e-01
1.298154492000e-01
1.791755238000e-01
2.121134096000e-01
1.892753383000e-01
1.572579603000e-01
2.592658608000e-01
1.350275530000e-01
1.452625752000e-01
1.964537211000e-01
1.273151579000e-01
1.297377105000e-01
1.620651503000e-01
1.693382918000e-01
1.291611310000e-01
1.691520770000e-01
1.598551977000e-01
1.776856245000e-01
1.875871909000e-01
2.959674116000e-01
9.076896900000e-02
1.437421863000e-01
1.351752918000e-01
1.087772249000e-01
1.483597313000e-01
2.450977189000e-01
1.529874817000e-01
3.099445986000e-01
1.165544901000e-01
1.568660143000e-01
1.428905100000e-01
1.486171887000e-01
1.513851332000e-01
1.684694667000e-01
2.073527039000e-01
1.170328513000e-01
1.438492249000e-01
1.407555828000e-01
1.572579603000e-01
2.416942476000e-01
1.964537211000e-01
1.926413856000e-01
2.542789365000e-01
1.350275530000e-01
1.613635538000e-01
2.121134096000e-01
2.317179848000e-01
1.661627705000e-01
1.273151579000e-01
1.576341584000e-01
1.877279736000e-01
3.422631493000e-01
1.413257411000e-01
1.858578884000e-01
1.868068246000e-01
1.197218180000e-01
1.875871909000e-01
1.346131957000e-01
1.529874817000e-01
1.916583154000e-01
1.571320847000e-01
2.462519541000e-01
1.697507262000e-01
2.919308421000e-01
1.334686634000e-01
1.428905100000e-01
1.556502579000e-01
1.406088261000e-01
1.445464056000e-01
2.352038744000e-01
1.785326592000e-01
1.438492249000e-01
1.345034968000e-01
1.157752036000e-01
1.791778814000e-01
1.964537211000e-01
3.030795450000e-01
2.416942476000e-01
1.505651771000e-01
2.317179848000e-01
1.626704558000e-01
2.084221171000e-01
1.738859621000e-01
2.056603279000e-01
3.422631493000e-01
1.608441011000e-01
2.017760314000e-01
1.273151579000e-01
1.032110087000e-01
1.559911216000e-01
1.979339934000e-01
2.224246564000e-01
1.321943879000e-01
1.858578884000e-01
2.919308421000e-01
2.023462585000e-01
1.571320847000e-01
2.459271903000e-01
1.868068246000e-01
1.443825398000e-01
9.742421340000e-02
1.406088261000e-01
1.577521001000e-01
2.536306425000e-01
1.785326592000e-01
1.345034968000e-01
1.478058861000e-01
1.503086393000e-01
1.791778814000e-01
1.419994551000e-01
2.917550252000e-01
3.030795450000e-01
2.697005710000e-01
1.349964013000e-01
1.794847802000e-01
2.092997460000e-01
1.626704558000e-01
1.731182387000e-01
1.766181154000e-01
2.154154879000e-01
3.422631493000e-01
2.039510038000e-01
1.608441011000e-01
1.408424113000e-01
2.543575715000e-01
1.559911216000e-01
1.965767857000e-01
1.273151579000e-01
8.463246980000e-02
2.703633618000e-01
8.218878560000e-02
2.834285963000e-01
1.459487186000e-01
2.459271903000e-01
1.962484535000e-01
1.979926101000e-01
1.412613676000e-01
1.406088261000e-01
1.877834627000e-01
1.718980501000e-01
2.713071038000e-01
1.478058861000e-01
2.112194293000e-01
1.345034968000e-01
1.757227306000e-01
1.877463066000e-01
1.419994551000e-01
1.814352096000e-01
3.030795450000e-01
2.917550252000e-01
2.813676418000e-01
1.349964013000e-01
1.611759682000e-01
1.766181154000e-01
2.153124458000e-01
1.731182387000e-01
2.638758394000e-01
3.422631493000e-01
1.608441011000e-01
1.425769327000e-01
1.482762119000e-01
2.543575715000e-01
2.703633618000e-01
1.900750324000e-01
1.403207255000e-01
1.273151579000e-01
1.628377367000e-01
2.459271903000e-01
1.603745057000e-01
1.406088261000e-01
2.163256582000e-01
1.979926101000e-01
2.463734028000e-01
1.718980501000e-01
1.877834627000e-01
1.478058861000e-01
2.112194293000e-01
1.345034968000e-01
1.757227306000e-01
1.814352096000e-01
1.877463066000e-01
2.933959193000e-01
3.961114025000e-01
2.812750972000e-01
1.419994551000e-01
2.707947146000e-01
1.349964013000e-01
3.422631493000e-01
1.828185139000e-01
1.819567837000e-01
2.153124458000e-01
1.449642037000e-01
1.608441011000e-01
1.611759682000e-01
2.543575715000e-01
1.482762119000e-01
2.703633618000e-01
1.813997861000e-01
1.577036131000e-01
1.628377367000e-01
1.603745057000e-01
1.406088261000e-01
2.432720569000e-01
1.273151579000e-01
2.163256582000e-01
1.979926101000e-01
2.310511718000e-01
1.478058861000e-01
2.112194293000e-01
1.718980501000e-01
1.271312907000e-01
1.877834627000e-01
1.478058861000e-01
1.872772624000e-01
2.707947146000e-01
1.449642037000e-01
2.112194293000e-01
2.933959193000e-01
2.779403020000e-01
1.406088261000e-01
2.812750972000e-01
3.751337243000e-01
2.346325255000e-01
2.310511718000e-01
1.550538827000e-01
1.819567837000e-01
1.445867086000e-01
1.974401876000e-01
1.028096226000e-01
1.349964013000e-01
1.645084542000e-01
2.543575715000e-01
3.823121119000e-01
1.479012518000e-01
1.767763017000e-01
1.979926101000e-01
1.629564889000e-01
1.271312907000e-01
1.567372304000e-01
1.718980501000e-01
2.163256582000e-01
1.735416514000e-01
1.877463066000e-01
1.850036093000e-01
1.309736101000e-01
2.153124458000e-01
1.877834627000e-01
1.273151579000e-01
1.478058861000e-01
2.707947146000e-01
1.872772624000e-01
2.779403020000e-01
1.449642037000e-01
2.310511718000e-01
2.933959193000e-01
2.112194293000e-01
3.751337243000e-01
2.812750972000e-01
1.406088261000e-01
1.819567837000e-01
1.974401876000e-01
1.550538827000e-01
1.028096226000e-01
2.543575715000e-01
1.445867086000e-01
1.479012518000e-01
1.979926101000e-01
1.645084542000e-01
1.629564889000e-01
1.767763017000e-01
1.349964013000e-01
1.735416514000e-01
2.163256582000e-01
1.271312907000e-01
1.877463066000e-01
2.346325255000e-01
3.823121119000e-01
1.332538539000e-01
1.718980501000e-01
1.309736101000e-01
1.850036093000e-01
2.153124458000e-01
1.273151579000e-01
1.877834627000e-01
1.478058861000e-01
2.779403020000e-01
2.707947146000e-01
1.872772624000e-01
2.112194293000e-01
2.812750972000e-01
1.449642037000e-01
2.310511718000e-01
2.933959193000e-01
3.751337243000e-01
1.406088261000e-01
1.028096226000e-01
1.819567837000e-01
2.543575715000e-01
1.550538827000e-01
1.974401876000e-01
1.479012518000e-01
1.767763017000e-01
1.645084542000e-01
1.445867086000e-01
3.823121119000e-01
1.629564889000e-01
2.346325255000e-01
1.332538539000e-01
1.979926101000e-01
1.735416514000e-01
1.309736101000e-01
1.271312907000e-01
1.718980501000e-01
1.349964013000e-01
2.163256582000e-01
1.877463066000e-01
1.850036093000e-01
2.153124458000e-01
1.877834627000e-01
1.273151579000e-01
1.478058861000e-01
2.779403020000e-01
2.707947146000e-01
2.812750972000e-01
2.112194293000e-01
1.872772624000e-01
1.449642037000e-01
2.933959193000e-01
2.310511718000e-01
3.751337243000e-01
1.406088261000e-01
1.550538827000e-01
1.028096226000e-01
1.819567837000e-01
2.543575715000e-01
1.974401876000e-01
1.479012518000e-01
3.823121119000e-01
2.346325255000e-01
1.767763017000e-01
1.445867086000e-01
1.645084542000e-01
1.332538539000e-01
1.735416514000e-01
1.629564889000e-01
1.349964013000e-01
1.979926101000e-01
1.271312907000e-01
1.877463066000e-01
1.718980501000e-01
1.309736101000e-01
2.163256582000e-01
1.850036093000e-01
2.153124458000e-01
1.877834627000e-01
1.273151579000e-01
1.478058861000e-01
2.812750972000e-01
2.779403020000e-01
2.707947146000e-01
2.112194293000e-01
1.872772624000e-01
2.310511718000e-01
2.933959193000e-01
1.449642037000e-01
3.751337243000e-01
1.406088261000e-01
3.823121119000e-01
1.974401876000e-01
1.028096226000e-01
2.543575715000e-01
1.550538827000e-01
1.819567837000e-01
1.479012518000e-01
1.767763017000e-01
2.346325255000e-01
1.645084542000e-01
1.445867086000e-01
1.332538539000e-01
1.349964013000e-01
1.629564889000e-01
1.271312907000e-01
1.735416514000e-01
1.979926101000e-01
1.877463066000e-01
1.718980501000e-01
2.163256582000e-01
1.309736101000e-01
1.850036093000e-01
2.153124458000e-01
1.273151579000e-01
1.478058861000e-01
1.877834627000e-01
2.707947146000e-01
2.779403020000e-01
2.112194293000e-01
2.310511718000e-01
1.872772624000e-01
2.812750972000e-01
2.933959193000e-01
1.449642037000e-01
3.751337243000e-01
3.823121119000e-01
1.406088261000e-01
1.028096226000e-01
2.543575715000e-01
1.819567837000e-01
1.479012518000e-01
1.550538827000e-01
1.767763017000e-01
1.974401876000e-01
1.645084542000e-01
2.346325255000e-01
1.445867086000e-01
1.332538539000e-01
1.629564889000e-01
1.349964013000e-01
1.271312907000e-01
1.718980501000e-01
1.735416514000e-01
1.877463066000e-01
1.979926101000e-01
2.163256582000e-01
1.309736101000e-01
1.478058861000e-01
1.850036093000e-01
2.153124458000e-01
1.877834627000e-01
1.273151579000e-01
2.707947146000e-01
2.310511718000e-01
2.779403020000e-01
2.112194293000e-01
2.812750972000e-01
1.872772624000e-01
2.933959193000e-01
1.449642037000e-01
3.823121119000e-01
3.751337243000e-01
1.028096226000e-01
2.543575715000e-01
1.479012518000e-01
1.406088261000e-01
1.974401876000e-01
1.767763017000e-01
1.550538827000e-01
1.645084542000e-01
1.819567837000e-01
2.346325255000e-01
1.332538539000e-01
1.445867086000e-01
1.271312907000e-01
1.718980501000e-01
1.349964013000e-01
1.478058861000e-01
1.629564889000e-01
1.735416514000e-01
1.877463066000e-01
1.979926101000e-01
1.309736101000e-01
2.163256582000e-01
1.850036093000e-01
2.153124458000e-01
1.273151579000e-01
1.877834627000e-01
2.707947146000e-01
2.310511718000e-01
2.812750972000e-01
9.097085500000e-03
2.520460890000e-02
1.964393470000e-02
1.172749940000e-02
5.969696480000e-02
3.614775810000e-02
1.154167740000e-02
4.118112160000e-02
1.412974420000e-02
6.469735510000e-02
1.293716612000e-01
2.003349840000e-02
3.379045420000e-02
6.963688260000e-02
2.450347010000e-02
2.466133670000e-02
2.337028210000e-02
6.944087030000e-02
6.788479950000e-02
1.640702620000e-02
2.118880950000e-02
3.570232910000e-02
6.315207130000e-02
3.103221950000e-02
3.151406100000e-02
3.215946260000e-02
3.374906980000e-02
2.846393620000e-02
1.592040150000e-02
6.029676950000e-02
3.978977460000e-02
2.746610480000e-02
3.622218160000e-02
2.884880750000e-02
2.844385610000e-02
7.419685240000e-02
3.582993520000e-02
4.565433990000e-02
1.640296330000e-02
4.189150620000e-02
6.090827300000e-02
6.676414690000e-02
2.427022310000e-02
1.668678350000e-02
3.920592290000e-02
1.503576839000e-01
1.888615290000e-02
4.270885300000e-02
1.094189564000e-01
1.295242145000e-01
4.982880140000e-02
6.848993030000e-02
1.256141685000e-01
4.205200440000e-02
2.439178030000e-02
5.475816400000e-02
2.951051560000e-02
2.984862370000e-02
2.884270490000e-02
6.870491250000e-02
6.513069700000e-02
4.242046950000e-02
6.020906250000e-02
6.767880010000e-02
3.052297740000e-02
5.590845250000e-02
4.192997210000e-02
1.008743905000e-01
9.561266680000e-02
3.312068600000e-02
2.771167360000e-02
4.621854190000e-02
6.070571680000e-02
9.912219180000e-02
1.900169314000e-01
5.183707170000e-02
4.189856460000e-02
1.605723030000e-02
6.457665950000e-02
7.818210330000e-02
2.801912630000e-02
5.432469970000e-02
5.846851870000e-02
4.837586230000e-02
6.782052310000e-02
1.060346097000e-01
1.270216907000e-01
8.613224410000e-02
5.158210670000e-02
7.527075910000e-02
9.263849090000e-02
5.735415120000e-02
3.058328130000e-02
8.599988710000e-02
4.708060280000e-02
7.897793100000e-02
1.745194777000e-01
1.847946000000e-02
4.255101870000e-02
5.533163370000e-02
6.238303130000e-02
8.839356990000e-02
9.679245780000e-02
7.709493290000e-02
6.315207130000e-02
2.583382830000e-02
2.561517380000e-02
6.001634890000e-02
1.455470056000e-01
4.285881480000e-02
5.886690350000e-02
6.788479950000e-02
1.687210757000e-01
1.295242145000e-01
1.343374814000e-01
6.316737940000e-02
6.467954900000e-02
2.884880750000e-02
4.079971500000e-02
5.592891090000e-02
6.092029320000e-02
5.815797440000e-02
6.944087030000e-02
3.724221579000e-01
6.432813740000e-02
9.163621110000e-02
6.090827300000e-02
3.966704010000e-02
4.335441340000e-02
9.404825080000e-02
9.919681040000e-02
6.026592200000e-02
1.586205619000e-01
1.318088350000e-01
5.898739650000e-02
6.751367770000e-02
1.044440253000e-01
2.571493700000e-02
2.165051677000e-01
4.088944650000e-02
4.128001600000e-02
6.185052770000e-02
4.318264840000e-02
2.335646704000e-01
9.608162070000e-02
1.356192179000e-01
2.160215615000e-01
5.475816400000e-02
9.213131420000e-02
1.463728644000e-01
8.770384980000e-02
8.563505160000e-02
1.683959961000e-01
1.479389844000e-01
9.081175350000e-02
1.986064598000e-01
8.656866060000e-02
6.767880010000e-02
4.189150620000e-02
3.526606610000e-02
5.432469970000e-02
2.801912630000e-02
4.302963320000e-02
1.346054131000e-01
5.846851870000e-02
4.004748520000e-02
7.608525570000e-02
1.519787232000e-01
2.383640910000e-01
1.228033291000e-01
1.883092659000e-01
7.766191840000e-02
2.668180050000e-01
5.031099100000e-02
3.163234193000e-01
8.650575670000e-02
2.248991712000e-01
1.466110537000e-01
1.060346097000e-01
1.457947200000e-01
1.271590462000e-01
1.767358827000e-01
7.683539660000e-02
1.051415465000e-01
1.161559098000e-01
1.007079820000e-01
6.475773900000e-02
2.062123400000e-01
1.686308967000e-01
1.724342552000e-01
1.865637839000e-01
1.703227015000e-01
6.315207130000e-02
5.212971760000e-02
8.180903010000e-02
1.087792934000e-01
1.671724005000e-01
1.849191763000e-01
6.944087030000e-02
4.665106510000e-02
3.724221579000e-01
1.113851582000e-01
5.815797440000e-02
6.788479950000e-02
5.886690350000e-02
1.687210757000e-01
1.429065411000e-01
6.092029320000e-02
1.455470056000e-01
1.975591753000e-01
5.592891090000e-02
6.423034670000e-02
5.316358080000e-02
6.432813740000e-02
1.811920723000e-01
1.295242145000e-01
1.842594405000e-01
4.077531440000e-02
1.218143656000e-01
1.490895743000e-01
1.695295535000e-01
7.771636740000e-02
2.884880750000e-02
2.335646704000e-01
7.853295870000e-02
3.022240328000e-01
6.767880010000e-02
1.613692206000e-01
5.475816400000e-02
1.427833846000e-01
1.780515985000e-01
1.010310355000e-01
5.687303160000e-02
4.004748520000e-02
1.550025118000e-01
2.174791546000e-01
3.526606610000e-02
1.316961572000e-01
1.158697493000e-01
2.335984344000e-01
7.766191840000e-02
1.606072641000e-01
9.213131420000e-02
8.656866060000e-02
5.846851870000e-02
9.081175350000e-02
4.302963320000e-02
1.335681120000e-01
1.738227636000e-01
5.432469970000e-02
2.560533886000e-01
7.608525570000e-02
7.006731520000e-02
8.650575670000e-02
5.031099100000e-02
1.025187344000e-01
1.348240778000e-01
2.495255827000e-01
1.691618770000e-01
2.383640910000e-01
3.400538509000e-01
1.977097210000e-01
2.220614369000e-01
1.232431065000e-01
2.562101578000e-01
3.329268385000e-01
7.839269990000e-02
4.252430691000e-01
1.494928995000e-01
2.095234555000e-01
1.346054131000e-01
2.248991712000e-01
1.716044400000e-01
1.514466819000e-01
1.894234575000e-01
1.976699210000e-01
2.414885251000e-01
2.739444453000e-01
2.053234981000e-01
1.583770051000e-01
1.903651122000e-01
2.385899508000e-01
2.579030921000e-01
1.249110097000e-01
5.765518340000e-02
1.156519501000e-01
1.441050794000e-01
1.055196552000e-01
2.509777863000e-01
2.383299945000e-01
6.423034670000e-02
1.901758947000e-01
2.769182196000e-01
1.240316434000e-01
1.687210757000e-01
7.064245660000e-02
1.959809873000e-01
2.149816259000e-01
1.538962607000e-01
6.092029320000e-02
3.291918707000e-01
2.884880750000e-02
5.475816400000e-02
1.842594405000e-01
4.187407573000e-01
9.977976670000e-02
1.599647657000e-01
2.515802518000e-01
1.961660203000e-01
1.780515985000e-01
2.174791546000e-01
1.385385381000e-01
2.020391621000e-01
2.390193037000e-01
4.004748520000e-02
1.074591736000e-01
1.979214562000e-01
1.384453569000e-01
7.766191840000e-02
2.093237454000e-01
7.688007270000e-02
1.037608390000e-01
7.006731520000e-02
1.071869683000e-01
2.560533886000e-01
6.767880010000e-02
9.213131420000e-02
1.330304818000e-01
9.227143850000e-02
7.011522290000e-02
2.475118460000e-01
2.495255827000e-01
1.177035920000e-01
2.334357155000e-01
3.678111910000e-01
6.914477850000e-02
1.347885111000e-01
3.242869454000e-01
2.232813896000e-01
2.705537122000e-01
1.452852231000e-01
5.326079617000e-01
1.494928995000e-01
4.252430691000e-01
1.655593429000e-01
2.823424359000e-01
2.048116054000e-01
3.647454187000e-01
1.459054648000e-01
2.372852774000e-01
2.210953945000e-01
2.095234555000e-01
2.135412779000e-01
1.792271264000e-01
1.903651122000e-01
2.983280971000e-01
2.760379981000e-01
2.333074147000e-01
1.624474801000e-01
2.579030921000e-01
5.765518340000e-02
1.444197589000e-01
2.279589969000e-01
1.458434350000e-01
2.088274308000e-01
2.832638744000e-01
1.653432712000e-01
6.423034670000e-02
2.753364487000e-01
1.509526493000e-01
1.674257250000e-01
2.884880750000e-02
2.024620551000e-01
6.092029320000e-02
1.631668119000e-01
5.475816400000e-02
1.398495939000e-01
2.494091624000e-01
1.424781005000e-01
2.560124626000e-01
3.967861420000e-01
1.450633289000e-01
6.823473160000e-02
2.272773632000e-01
1.572446441000e-01
2.149816259000e-01
1.037608390000e-01
1.328700305000e-01
7.766191840000e-02
2.118468707000e-01
2.263816948000e-01
1.885065106000e-01
2.435065292000e-01
6.767880010000e-02
2.515802518000e-01
2.050932800000e-01
1.074591736000e-01
2.312191839000e-01
2.640976767000e-01
1.948058591000e-01
1.813608420000e-01
9.213131420000e-02
2.421227573000e-01
1.009289213000e-01
2.321865852000e-01
2.643121148000e-01
2.599245430000e-01
2.696045437000e-01
2.475118460000e-01
3.999840705000e-01
2.934732098000e-01
1.854026668000e-01
1.494928995000e-01
1.478451563000e-01
6.914477850000e-02
4.252430691000e-01
2.705537122000e-01
2.481568159000e-01
1.655593429000e-01
1.470935998000e-01
2.647717605000e-01
3.263714541000e-01
3.633273562000e-01
4.699813541000e-01
2.095234555000e-01
3.652641698000e-01
1.459054648000e-01
1.290420414000e-01
2.494947490000e-01
2.210953945000e-01
2.333074147000e-01
1.788676626000e-01
2.222979099000e-01
1.792271264000e-01
2.983280971000e-01
2.760379981000e-01
2.721777192000e-01
2.885625858000e-01
1.415789214000e-01
1.714786431000e-01
5.765518340000e-02
6.423034670000e-02
1.863854083000e-01
1.034219455000e-01
2.193012167000e-01
2.874633170000e-01
2.884880750000e-02
1.712557370000e-01
5.475816400000e-02
2.494091624000e-01
1.026365761000e-01
6.092029320000e-02
2.118468707000e-01
1.398495939000e-01
3.567450959000e-01
2.273985177000e-01
1.398389661000e-01
2.435065292000e-01
2.351535011000e-01
1.424781005000e-01
1.236232329000e-01
1.669336281000e-01
1.346796177000e-01
2.640976767000e-01
1.561172350000e-01
9.213131420000e-02
5.711387700000e-02
1.242398497000e-01
2.515802518000e-01
1.885065106000e-01
2.646495141000e-01
1.494928995000e-01
2.830185079000e-01
3.239596903000e-01
2.427668817000e-01
3.195109263000e-01
1.579711655000e-01
2.421227573000e-01
2.321865852000e-01
1.878725315000e-01
2.599245430000e-01
2.149816259000e-01
1.009289213000e-01
1.727263617000e-01
1.111353978000e-01
2.027807135000e-01
2.934732098000e-01
3.180583083000e-01
1.318027545000e-01
1.655593429000e-01
2.481568159000e-01
3.989274422000e-01
4.252430691000e-01
2.543721665000e-01
1.478451563000e-01
2.333074147000e-01
2.889622748000e-01
3.501802256000e-01
1.716961354000e-01
2.494947490000e-01
3.652641698000e-01
1.736737531000e-01
1.791272522000e-01
2.095234555000e-01
1.158318182000e-01
2.210953945000e-01
2.834299401000e-01
2.199713856000e-01
2.760379981000e-01
1.792271264000e-01
2.754246410000e-01
1.415789214000e-01
2.470381388000e-01
1.714786431000e-01
1.353102224000e-01
5.765518340000e-02
1.747636945000e-01
2.884880750000e-02
9.812192090000e-02
2.410129936000e-01
1.287172422000e-01
2.874633170000e-01
1.212112134000e-01
2.964727653000e-01
3.567450959000e-01
2.289494613000e-01
6.092029320000e-02
1.398495939000e-01
2.187859302000e-01
1.511352122000e-01
9.213131420000e-02
1.715212548000e-01
1.226470104000e-01
1.750874029000e-01
2.435065292000e-01
2.624134508000e-01
2.420112282000e-01
2.558912540000e-01
1.424781005000e-01
3.239596903000e-01
2.321865852000e-01
1.348912540000e-01
5.711387700000e-02
1.885065106000e-01
2.340830737000e-01
2.248051908000e-01
2.640976767000e-01
1.018491967000e-01
2.326499830000e-01
1.242398497000e-01
2.515802518000e-01
2.238768431000e-01
1.009289213000e-01
1.111353978000e-01
1.936953089000e-01
2.149816259000e-01
1.736325400000e-01
2.301792403000e-01
3.180583083000e-01
3.989274422000e-01
2.934732098000e-01
2.760853682000e-01
1.318027545000e-01
4.252430691000e-01
1.511766262000e-01
2.908501325000e-01
2.644831582000e-01
1.478451563000e-01
2.373471120000e-01
1.736737531000e-01
1.791272522000e-01
2.095234555000e-01
3.652641698000e-01
2.796298480000e-01
1.760386487000e-01
2.834299401000e-01
2.760379981000e-01
1.158318182000e-01
2.199713856000e-01
2.210953945000e-01
2.757235187000e-01
1.792271264000e-01
2.493542590000e-01
9.381234920000e-02
1.747636945000e-01
5.765518340000e-02
2.410129936000e-01
1.149670394000e-01
1.369679863000e-01
2.874633170000e-01
3.500879490000e-02
9.812192090000e-02
1.745247255000e-01
1.212112134000e-01
3.419694052000e-01
6.092029320000e-02
1.511352122000e-01
1.715212548000e-01
9.213131420000e-02
1.750874029000e-01
1.041114181000e-01
1.226933906000e-01
2.366438688000e-01
3.239596903000e-01
2.558912540000e-01
2.321865852000e-01
2.226290930000e-01
2.187859302000e-01
2.420112282000e-01
2.340830737000e-01
1.885065106000e-01
9.813526050000e-02
1.348912540000e-01
1.226470104000e-01
9.929116200000e-02
1.424781005000e-01
1.242398497000e-01
1.009289213000e-01
1.979306015000e-01
1.615271086000e-01
2.629223589000e-01
2.248051908000e-01
2.515802518000e-01
2.301792403000e-01
3.989274422000e-01
3.266316832000e-01
2.169031736000e-01
3.137422735000e-01
2.019206079000e-01
2.934732098000e-01
4.252430691000e-01
3.164961486000e-01
1.318027545000e-01
7.685303540000e-02
2.578882433000e-01
2.095234555000e-01
2.644831582000e-01
1.478451563000e-01
1.748088951000e-01
3.652641698000e-01
2.418858438000e-01
2.813448443000e-01
2.760379981000e-01
1.760386487000e-01
2.759803451000e-01
1.158318182000e-01
3.458722645000e-01
2.168744131000e-01
2.058302642000e-01
2.114952404000e-01
1.747636945000e-01
8.844206530000e-02
5.765518340000e-02
1.792271264000e-01
2.142279475000e-01
1.148074253000e-01
1.205579650000e-01
3.004473833000e-01
9.812192090000e-02
1.643119741000e-01
3.419694052000e-01
7.529854040000e-02
1.212112134000e-01
9.213131420000e-02
1.960832066000e-01
1.715212548000e-01
1.950785851000e-01
2.366438688000e-01
3.687225343000e-01
2.675412870000e-01
1.885065106000e-01
1.041114181000e-01
1.026112896000e-01
1.348912540000e-01
2.340830737000e-01
1.822655943000e-01
2.412732148000e-01
2.187859302000e-01
9.929116200000e-02
1.009289213000e-01
2.058084494000e-01
1.226470104000e-01
1.978261159000e-01
1.220084219000e-01
2.702649506000e-01
1.137296865000e-01
2.786011835000e-01
2.301792403000e-01
2.248051908000e-01
3.989274422000e-01
3.137422735000e-01
3.701026381000e-01
2.934732098000e-01
4.772733390000e-01
2.019206079000e-01
2.169031736000e-01
2.578882433000e-01
2.095234555000e-01
6.588574690000e-02
1.286097329000e-01
3.652641698000e-01
1.748088951000e-01
2.759803451000e-01
2.539148113000e-01
2.644831582000e-01
1.478451563000e-01
2.796126294000e-01
1.026734938000e-01
2.760379981000e-01
1.747636945000e-01
2.106119981000e-01
2.058302642000e-01
2.052053028000e-01
9.794953930000e-02
1.028397391000e-01
1.158318182000e-01
7.895753210000e-02
2.114952404000e-01
1.841731243000e-01
3.004518866000e-01
1.352775194000e-01
1.611509344000e-01
3.022882750000e-01
9.812192090000e-02
1.792271264000e-01
1.591595706000e-01
7.529854040000e-02
9.213131420000e-02
3.607188502000e-01
1.180702123000e-01
2.197186348000e-01
3.687225343000e-01
2.359649040000e-01
2.340830737000e-01
1.697774943000e-01
2.296365459000e-01
2.128804061000e-01
2.747273197000e-01
7.082815550000e-02
2.412732148000e-01
1.658488777000e-01
1.009289213000e-01
2.359837905000e-01
1.348912540000e-01
1.041114181000e-01
9.929116200000e-02
1.978261159000e-01
1.956374051000e-01
3.989274422000e-01
1.226470104000e-01
1.240721576000e-01
2.551186525000e-01
2.301792403000e-01
2.702649506000e-01
2.248051908000e-01
3.701026381000e-01
4.772733390000e-01
1.137296865000e-01
3.013450885000e-01
2.934732098000e-01
2.169031736000e-01
2.019206079000e-01
2.759803451000e-01
2.095234555000e-01
2.578882433000e-01
3.814958157000e-01
6.588574690000e-02
1.286097329000e-01
1.747636945000e-01
1.365224858000e-01
2.539148113000e-01
1.026734938000e-01
2.644831582000e-01
2.058302642000e-01
2.760379981000e-01
1.478451563000e-01
9.794953930000e-02
3.650794276000e-01
2.106119981000e-01
2.654171254000e-01
1.144741014000e-01
7.895753210000e-02
1.158318182000e-01
2.005258451000e-01
2.086884463000e-01
3.004518866000e-01
2.114952404000e-01
1.847072973000e-01
1.611509344000e-01
3.194941803000e-01
9.812192090000e-02
9.213131420000e-02
1.564110207000e-01
7.529854040000e-02
2.296365459000e-01
1.792271264000e-01
3.687225343000e-01
5.031212540000e-02
2.128804061000e-01
2.145331088000e-01
1.180702123000e-01
2.340830737000e-01
4.041909237000e-01
2.245409510000e-01
1.009289213000e-01
1.454049997000e-01
1.562380343000e-01
2.575953951000e-01
2.849240364000e-01
1.350671149000e-01
3.989274422000e-01
1.041114181000e-01
1.978261159000e-01
9.929116200000e-02
1.956374051000e-01
1.254230552000e-01
1.283390231000e-01
2.551186525000e-01
3.665896612000e-01
3.869915463000e-01
3.873060256000e-01
2.301792403000e-01
2.248051908000e-01
2.702649506000e-01
1.129345280000e-01
2.759803451000e-01
2.959181191000e-01
2.437281528000e-01
2.934732098000e-01
1.833292500000e-01
2.169031736000e-01
2.095234555000e-01
1.928192897000e-01
3.814958157000e-01
2.058302642000e-01
9.794953930000e-02
7.425869130000e-02
2.644831582000e-01
1.026734938000e-01
2.760379981000e-01
2.539148113000e-01
1.286097329000e-01
1.401393616000e-01
1.365224858000e-01
1.596694319000e-01
2.106119981000e-01
2.654171254000e-01
3.730394215000e-01
8.431413730000e-02
2.037768659000e-01
1.158318182000e-01
2.086884463000e-01
1.847072973000e-01
9.812192090000e-02
1.236280339000e-01
1.611509344000e-01
1.585665501000e-01
3.177460855000e-01
9.213131420000e-02
2.295559756000e-01
2.114952404000e-01
7.529854040000e-02
3.687225343000e-01
2.245409510000e-01
7.714118880000e-02
1.910018906000e-01
1.009289213000e-01
1.562380343000e-01
2.535021857000e-01
1.180702123000e-01
4.225715635000e-01
2.121315244000e-01
1.792271264000e-01
2.340830737000e-01
3.989274422000e-01
1.263822886000e-01
1.350671149000e-01
1.277482756000e-01
1.041734396000e-01
1.653038010000e-01
9.929116200000e-02
3.665896612000e-01
2.551186525000e-01
1.956374051000e-01
4.009349878000e-01
1.283390231000e-01
2.301792403000e-01
3.873060256000e-01
1.952062188000e-01
2.437281528000e-01
2.248051908000e-01
1.429543458000e-01
2.959409531000e-01
2.058302642000e-01
2.640820584000e-01
1.766860958000e-01
2.934732098000e-01
2.169031736000e-01
2.095234555000e-01
3.814958157000e-01
1.151915484000e-01
1.928192897000e-01
7.425869130000e-02
2.558315435000e-01
2.760379981000e-01
1.111013703000e-01
2.539148113000e-01
1.313480705000e-01
1.401393616000e-01
1.365224858000e-01
1.673052683000e-01
2.106119981000e-01
3.730394215000e-01
2.654171254000e-01
1.282124224000e-01
1.158318182000e-01
1.847072973000e-01
2.295559756000e-01
1.585665501000e-01
2.103750585000e-01
2.086884463000e-01
9.213131420000e-02
3.177460855000e-01
9.812192090000e-02
1.611509344000e-01
1.236280339000e-01
2.264102748000e-01
4.119377661000e-01
7.529854040000e-02
1.009289213000e-01
2.121315244000e-01
2.535021857000e-01
4.225715635000e-01
8.778735050000e-02
9.866544530000e-02
2.114952404000e-01
9.374639490000e-02
1.562380343000e-01
2.157187969000e-01
3.989274422000e-01
1.350671149000e-01
1.903732660000e-01
1.202749773000e-01
1.277482756000e-01
3.665896612000e-01
1.305081303000e-01
1.041734396000e-01
4.009349878000e-01
9.929116200000e-02
2.551186525000e-01
1.952062188000e-01
2.437281528000e-01
1.283390231000e-01
2.301792403000e-01
1.956374051000e-01
1.429543458000e-01
2.076633681000e-01
2.248051908000e-01
2.959409531000e-01
2.095234555000e-01
3.814958157000e-01
1.151915484000e-01
1.792886290000e-01
2.581273484000e-01
2.169031736000e-01
2.934732098000e-01
1.928192897000e-01
2.558315435000e-01
1.111013703000e-01
7.425869130000e-02
2.760379981000e-01
1.313480705000e-01
2.539148113000e-01
3.730394215000e-01
1.407852818000e-01
1.282124224000e-01
2.106119981000e-01
1.365224858000e-01
2.295559756000e-01
1.673052683000e-01
2.613318025000e-01
9.213131420000e-02
2.654171254000e-01
1.585665501000e-01
9.812192090000e-02
2.086884463000e-01
1.611509344000e-01
2.103750585000e-01
1.084511637000e-01
3.177460855000e-01
1.158318182000e-01
1.236280339000e-01
1.322914483000e-01
1.245217368000e-01
2.121315244000e-01
2.535021857000e-01
3.989274422000e-01
8.778735050000e-02
1.505950511000e-01
9.374639490000e-02
2.157187969000e-01
1.562380343000e-01
4.626705563000e-01
2.114952404000e-01
1.350671149000e-01
1.013555303000e-01
1.903732660000e-01
3.665896612000e-01
2.764557416000e-01
9.785305570000e-02
1.453772101000e-01
3.890711410000e-02
2.907870211000e-01
2.142897559000e-01
2.187906512000e-01
2.716406620000e-01
2.641074152000e-01
1.687555185000e-01
1.757102396000e-01
2.062616308000e-01
1.557695310000e-01
8.383524410000e-02
1.746688691000e-01
1.613821806000e-01
1.905494689000e-01
2.490822746000e-01
1.615434737000e-01
1.859435466000e-01
1.447644696000e-01
1.482608483000e-01
1.969451052000e-01
1.261712792000e-01
1.681930577000e-01
2.670129811000e-01
8.293704560000e-02
1.068145883000e-01
1.327633633000e-01
1.971414719000e-01
8.259592390000e-02
1.895454805000e-01
2.604586216000e-01
1.116785169000e-01
1.576669889000e-01
1.588120866000e-01
1.729078671000e-01
2.761929816000e-01
1.302734682000e-01
2.345326818000e-01
1.731248263000e-01
1.530562121000e-01
2.100380396000e-01
2.057412861000e-01
1.608835377000e-01
1.198225123000e-01
1.873970665000e-01
2.548714243000e-01
2.094374101000e-01
1.939108437000e-01
1.352924828000e-01
1.301153354000e-01
1.083100359000e-01
1.675120428000e-01
2.402300071000e-01
1.890140954000e-01
1.214788756000e-01
1.890438229000e-01
2.155647131000e-01
1.749919882000e-01
2.087272208000e-01
2.133513671000e-01
2.464684939000e-01
9.441150420000e-02
1.588035013000e-01
1.302038076000e-01
2.059244937000e-01
1.715807621000e-01
2.064205130000e-01
9.075760080000e-02
1.038347625000e-01
2.138441102000e-01
2.196658370000e-01
1.259682577000e-01
1.713355271000e-01
1.348896727000e-01
1.592740442000e-01
1.426562203000e-01
1.690568757000e-01
1.479813765000e-01
2.061366751000e-01
1.174198221000e-01
1.427655888000e-01
2.014751757000e-01
1.555077484000e-01
2.234852925000e-01
1.910595558000e-01
1.868595695000e-01
2.752948144000e-01
1.572594279000e-01
1.171304125000e-01
1.624837216000e-01
1.807599460000e-01
2.407088637000e-01
9.535214380000e-02
1.702626873000e-01
3.457217663000e-01
1.674332502000e-01
1.319859458000e-01
1.596186758000e-01
1.987054687000e-01
1.498880129000e-01
1.610699032000e-01
1.408611022000e-01
2.169760725000e-01
1.776047569000e-01
2.153153266000e-01
1.989552382000e-01
1.901803028000e-01
1.420796276000e-01
2.252883452000e-01
2.183786134000e-01
1.293465718000e-01
1.596822795000e-01
9.709585480000e-02
2.417841429000e-01
1.850268479000e-01
1.837899317000e-01
1.899040538000e-01
2.069429040000e-01
1.657590695000e-01
1.341748931000e-01
1.984109122000e-01
1.674052298000e-01
1.671964953000e-01
1.736231029000e-01
1.651913545000e-01
2.878707071000e-01
2.530903042000e-01
1.676886519000e-01
1.468633715000e-01
2.524979167000e-01
1.513940163000e-01
2.454963057000e-01
1.266926758000e-01
1.518397817000e-01
1.776257572000e-01
9.557491220000e-02
1.677592484000e-01
1.760673005000e-01
1.937582413000e-01
9.785305570000e-02
1.575149803000e-01
2.973880945000e-01
2.716406620000e-01
3.890711410000e-02
2.077109950000e-01
2.703412887000e-01
2.402921173000e-01
2.248550002000e-01
2.411610928000e-01
1.133137816000e-01
2.499330079000e-01
2.209608954000e-01
2.214801036000e-01
1.862677290000e-01
8.755356000000e-02
2.320037659000e-01
2.677660755000e-01
1.501727224000e-01
1.919345644000e-01
2.745117255000e-01
1.487435766000e-01
1.302038076000e-01
2.212234019000e-01
1.621214135000e-01
1.974739824000e-01
1.143492776000e-01
2.178190298000e-01
1.318935812000e-01
1.364909159000e-01
2.327462956000e-01
1.677178098000e-01
1.631492760000e-01
2.372485197000e-01
1.188503944000e-01
1.162836412000e-01
1.417752014000e-01
2.594036218000e-01
1.914694041000e-01
3.518304742000e-01
1.543754233000e-01
2.068888096000e-01
6.289534010000e-02
2.068988761000e-01
1.429640320000e-01
2.548714243000e-01
2.067022165000e-01
1.773590301000e-01
1.608835377000e-01
2.034305590000e-01
1.807486370000e-01
2.057977503000e-01
1.606604735000e-01
1.364579601000e-01
1.262252486000e-01
2.156564589000e-01
1.171304125000e-01
2.279387312000e-01
1.899997659000e-01
1.998128144000e-01
2.570022809000e-01
2.297732403000e-01
1.839259957000e-01
1.613362417000e-01
1.159913620000e-01
1.343784135000e-01
2.417841429000e-01
2.111661092000e-01
2.386611377000e-01
1.661331755000e-01
1.790188645000e-01
1.742108029000e-01
2.092451505000e-01
1.852665917000e-01
1.817358297000e-01
1.716892613000e-01
1.566105075000e-01
1.917729922000e-01
1.523936901000e-01
1.566081508000e-01
2.107027315000e-01
1.420796276000e-01
2.396926544000e-01
2.623862572000e-01
2.141912354000e-01
1.763679247000e-01
1.657590695000e-01
1.597484416000e-01
2.382574789000e-01
1.879396684000e-01
1.324626326000e-01
1.624062957000e-01
1.636713844000e-01
1.688563772000e-01
2.036106890000e-01
1.919269486000e-01
2.087727393000e-01
1.557739778000e-01
2.239471757000e-01
2.126964342000e-01
2.160363649000e-01
1.671964953000e-01
2.410538112000e-01
2.473331811000e-01
1.886959383000e-01
2.464684939000e-01
1.915696457000e-01
2.584923152000e-01
1.641304348000e-01
2.337025037000e-01
1.778104356000e-01
1.266926758000e-01
1.882124289000e-01
2.070353960000e-01
1.809168731000e-01
2.193958549000e-01
1.539290727000e-01
2.652650149000e-01
1.677774557000e-01
2.055223495000e-01
2.153327947000e-01
1.528981536000e-01
2.122391811000e-01
1.852161591000e-01
2.175140527000e-01
2.870535382000e-01
1.513940163000e-01
2.040851562000e-01
1.984109122000e-01
1.859435466000e-01
2.127238891000e-01
1.677868654000e-01
1.583745785000e-01
2.496131866000e-01
2.496131866000e-01
2.496131866000e-01
2.382924437000e-01
2.313794249000e-01
2.537056875000e-01
2.651360553000e-01
2.585309723000e-01
2.081652959000e-01
1.862677290000e-01
1.568217801000e-01
2.612083081000e-01
1.487435766000e-01
2.687404071000e-01
2.774667167000e-01
2.209608954000e-01
2.174348980000e-01
2.317316734000e-01
1.436853999000e-01
1.804358742000e-01
1.934467900000e-01
1.286730189000e-01
2.178190298000e-01
1.188503944000e-01
1.677178098000e-01
2.178948625000e-01
1.966781656000e-01
2.402840570000e-01
2.073701481000e-01
1.635354715000e-01
1.908649825000e-01
2.487099741000e-01
1.825575069000e-01
2.136874904000e-01
1.429640320000e-01
2.496131866000e-01
2.406560558000e-01
2.212661379000e-01
1.608835377000e-01
1.773590301000e-01
1.492339572000e-01
2.182517889000e-01
2.342108214000e-01
2.382302775000e-01
2.359628275000e-01
1.606604735000e-01
2.025292085000e-01
2.221360734000e-01
2.178977149000e-01
2.334746583000e-01
1.716892613000e-01
1.817358297000e-01
2.034305590000e-01
1.998128144000e-01
2.196909317000e-01
2.570022809000e-01
1.566081508000e-01
1.962787842000e-01
1.420796276000e-01
1.343784135000e-01
1.612556691000e-01
1.852665917000e-01
1.881032464000e-01
2.189976909000e-01
2.185999496000e-01
2.239471757000e-01
2.111661092000e-01
2.374737886000e-01
1.305121548000e-01
2.382574789000e-01
1.697807778000e-01
1.953851131000e-01
1.688563772000e-01
2.677394524000e-01
1.763679247000e-01
1.443908478000e-01
2.087727393000e-01
2.146088696000e-01
1.763478229000e-01
1.535720733000e-01
1.636713844000e-01
1.894459833000e-01
1.282960955000e-01
2.141912354000e-01
2.126964342000e-01
1.761651116000e-01
1.991687854000e-01
2.316929529000e-01
2.410538112000e-01
1.750115741000e-01
1.886959383000e-01
2.414621893000e-01
2.584923152000e-01
2.429243621000e-01
1.741058759000e-01
1.309247017000e-01
1.968681317000e-01
2.496131866000e-01
2.070353960000e-01
1.809168731000e-01
2.372766690000e-01
2.652650149000e-01
1.810709985000e-01
1.798919444000e-01
1.740950404000e-01
2.143166163000e-01
2.870535382000e-01
2.224279897000e-01
1.640659988000e-01
2.040851562000e-01
2.266047254000e-01
1.984109122000e-01
1.671425037000e-01
2.496131866000e-01
3.100678906000e-01
2.496131866000e-01
2.209221571000e-01
2.496131866000e-01
2.382924437000e-01
2.496131866000e-01
1.400038262000e-01
2.585309723000e-01
2.313794249000e-01
2.775622680000e-01
2.189483633000e-01
2.242989528000e-01
2.703347482000e-01
2.687404071000e-01
1.487435766000e-01
2.774667167000e-01
2.223448673000e-01
2.074070939000e-01
2.065675103000e-01
2.174348980000e-01
1.804358742000e-01
1.463088330000e-01
1.677178098000e-01
2.178190298000e-01
2.373093562000e-01
1.178076319000e-01
2.430034243000e-01
1.462362391000e-01
1.645472428000e-01
2.581402671000e-01
2.136874904000e-01
1.777546817000e-01
1.876106091000e-01
1.429640320000e-01
1.608835377000e-01
2.406560558000e-01
1.773590301000e-01
1.492339572000e-01
2.295516641000e-01
2.182517889000e-01
2.633592383000e-01
2.359628275000e-01
2.382302775000e-01
1.672521859000e-01
2.178977149000e-01
1.741500351000e-01
2.221360734000e-01
2.496131866000e-01
1.882440116000e-01
2.334746583000e-01
2.114306024000e-01
1.817358297000e-01
2.196909317000e-01
2.570022809000e-01
2.034305590000e-01
1.617125746000e-01
1.645186682000e-01
1.542351565000e-01
2.189976909000e-01
1.763478229000e-01
2.146088696000e-01
2.239471757000e-01
1.881032464000e-01
2.046028460000e-01
1.830724172000e-01
2.185999496000e-01
1.506010073000e-01
2.374737886000e-01
1.879594687000e-01
2.192589811000e-01
1.974414605000e-01
2.859176620000e-01
1.535720733000e-01
2.111661092000e-01
1.282960955000e-01
1.813452627000e-01
1.772282527000e-01
2.126964342000e-01
1.375986190000e-01
1.931047137000e-01
1.991687854000e-01
2.429243621000e-01
1.761651116000e-01
2.141912354000e-01
2.447773053000e-01
1.688563772000e-01
2.394369791000e-01
2.070353960000e-01
2.584923152000e-01
2.410538112000e-01
2.372766690000e-01
2.414621893000e-01
1.886959383000e-01
1.490435575000e-01
1.750115741000e-01
1.610113086000e-01
2.652650149000e-01
1.304930694000e-01
1.810709985000e-01
1.909735511000e-01
1.798919444000e-01
2.143166163000e-01
2.870535382000e-01
1.640659988000e-01
2.040851562000e-01
2.284575255000e-01
1.984109122000e-01
1.671425037000e-01
2.496131866000e-01
3.100678906000e-01
2.209221571000e-01
2.496131866000e-01
2.496131866000e-01
2.281160573000e-01
2.585309723000e-01
1.400038262000e-01
2.389044654000e-01
2.775622680000e-01
2.189483633000e-01
2.242989528000e-01
2.687404071000e-01
2.774667167000e-01
1.548187296000e-01
2.737507874000e-01
2.223448673000e-01
2.074070939000e-01
1.929751257000e-01
1.804358742000e-01
2.178190298000e-01
2.174348980000e-01
1.677178098000e-01
2.504519904000e-01
1.296459398000e-01
1.462362391000e-01
1.524193984000e-01
2.208967898000e-01
1.679979735000e-01
2.739977873000e-01
2.660752261000e-01
1.953622033000e-01
1.920977239000e-01
1.429640320000e-01
1.773590301000e-01
2.382302775000e-01
1.608835377000e-01
2.359628275000e-01
2.406560558000e-01
1.672521859000e-01
1.549216846000e-01
2.182517889000e-01
2.295516641000e-01
2.178977149000e-01
2.253471490000e-01
2.034305590000e-01
1.817358297000e-01
2.151337244000e-01
2.334746583000e-01
1.617125746000e-01
1.687644873000e-01
1.542351565000e-01
2.114306024000e-01
2.146088696000e-01
2.583927007000e-01
1.763478229000e-01
1.881032464000e-01
2.189976909000e-01
2.281581380000e-01
2.570022809000e-01
2.196909317000e-01
2.496131866000e-01
2.374737886000e-01
2.185999496000e-01
1.903271617000e-01
1.830724172000e-01
2.859176620000e-01
1.879594687000e-01
2.025949358000e-01
1.535720733000e-01
1.813452627000e-01
2.192589811000e-01
1.282960955000e-01
2.111661092000e-01
2.126964342000e-01
1.773577479000e-01
1.919825209000e-01
1.375986190000e-01
1.991687854000e-01
2.070353960000e-01
1.635268545000e-01
2.429243621000e-01
2.141912354000e-01
2.447773053000e-01
1.757997409000e-01
2.394369791000e-01
2.410538112000e-01
2.584923152000e-01
2.505022597000e-01
1.886959383000e-01
2.414621893000e-01
1.277001155000e-01
1.638342011000e-01
2.652650149000e-01
1.919760705000e-01
1.750115741000e-01
1.810709985000e-01
1.909735511000e-01
2.870535382000e-01
1.798919444000e-01
2.143166163000e-01
1.640659988000e-01
1.984109122000e-01
2.399157507000e-01
2.254845570000e-02
2.512277050000e-02
3.107032888000e-01
2.244215900000e-01
1.559411314000e-01
5.992812720000e-02
1.880263490000e-02
7.659599830000e-02
1.767336170000e-02
3.476673180000e-02
2.221589409000e-01
9.036203080000e-02
2.562684136000e-01
1.196715626000e-01
1.540883989000e-01
1.176891193000e-01
2.198408849000e-01
3.138172380000e-02
2.754696185000e-01
2.154981329000e-01
8.432620040000e-02
1.043497506000e-01
1.409803696000e-01
1.948191160000e-01
2.056760692000e-01
1.690543419000e-01
9.684955040000e-02
1.677833973000e-01
2.292133532000e-01
3.797210908000e-01
1.168243278000e-01
2.254845570000e-02
2.179309190000e-02
1.618226317000e-01
1.043497506000e-01
1.880263490000e-02
3.135891666000e-01
3.672283676000e-01
2.785065270000e-01
2.573873445000e-01
1.692581582000e-01
2.101729694000e-01
2.562684136000e-01
3.957960898000e-01
3.797210908000e-01
2.306323429000e-01
2.596999482000e-01
1.819124358000e-01
1.006915586000e-01
5.992812720000e-02
1.690543419000e-01
2.611983423000e-01
1.176891193000e-01
1.345468990000e-01
2.292133532000e-01
1.618226317000e-01
1.692581582000e-01
2.768789646000e-01
2.154981329000e-01
1.006915586000e-01
2.306323429000e-01
2.425871017000e-01
1.187645105000e-01
2.425871017000e-01
1.850858500000e-01
1.476676419000e-01
1.195222257000e-01
2.210984183000e-01
2.493593071000e-01
3.138069468000e-01
3.482581805000e-01
3.015241895000e-01
2.568227760000e-01
2.159732436000e-01
2.765898922000e-01
3.534599323000e-01
2.476308487000e-01
1.758758590000e-01
3.017108148000e-01
2.956854926000e-01
2.340723206000e-01
2.689202753000e-01
2.739591253000e-01
2.132531222000e-01
2.261986570000e-01
2.559793558000e-01
2.110045836000e-01
1.780140402000e-01
2.014379551000e-01
2.212398754000e-01
2.759594100000e-01
2.101532491000e-01
2.267694490000e-01
2.067693019000e-01
2.622176457000e-01
2.152643518000e-01
2.156944904000e-01
1.973814673000e-01
2.572276233000e-01
2.156651105000e-01
1.662624572000e-01
1.381703412000e-01
2.109342831000e-01
1.831144727000e-01
1.642026125000e-01
2.046315144000e-01
2.658008235000e-01
2.440663101000e-01
1.922079957000e-01
1.641632653000e-01
1.797807938000e-01
1.857627689000e-01
2.577766385000e-01
1.883422650000e-01
2.226263926000e-01
2.200583860000e-01
2.031654612000e-01
2.109464042000e-01
2.497464741000e-01
2.123070053000e-01
2.121618021000e-01
1.793626521000e-01
1.918895998000e-01
2.092601809000e-01
1.628236828000e-01
1.744113478000e-01
2.254658027000e-01
2.241796422000e-01
1.845920071000e-01
2.220017694000e-01
2.802292748000e-01
1.817324373000e-01
2.299496701000e-01
2.401934279000e-01
2.147550345000e-01
2.036296775000e-01
2.427772861000e-01
1.267494013000e-01
3.085782144000e-01
2.312114258000e-01
1.616180602000e-01
2.235157727000e-01
1.502310796000e-01
2.434557480000e-01
2.254405063000e-01
1.458069174000e-01
1.793158774000e-01
2.070147599000e-01
1.767743797000e-01
1.373773782000e-01
1.519505712000e-01
2.108227040000e-01
2.362356006000e-01
2.276987777000e-01
2.238836355000e-01
2.524624626000e-01
2.133030393000e-01
1.999321913000e-01
2.251361767000e-01
1.863878374000e-01
1.954903806000e-01
2.434275753000e-01
2.245286609000e-01
1.530415199000e-01
2.094734463000e-01
1.005575012000e-01
2.093123961000e-01
2.063796654000e-01
1.767396705000e-01
1.809324156000e-01
1.569286102000e-01
1.287542724000e-01
2.178276892000e-01
2.190605007000e-01
1.752649320000e-01
2.053917402000e-01
1.614492447000e-01
1.175834168000e-01
1.588258475000e-01
2.220172199000e-01
2.123070053000e-01
3.227781073000e-01
2.607106760000e-01
3.386147718000e-01
1.917327147000e-01
2.147550345000e-01
1.749224848000e-01
1.838310973000e-01
2.180456863000e-01
1.613879567000e-01
2.014379551000e-01
2.371585245000e-01
2.070147599000e-01
2.206651238000e-01
1.860657036000e-01
1.918661812000e-01
1.910289196000e-01
2.388986719000e-01
1.641632653000e-01
2.228612005000e-01
2.280644437000e-01
2.280954724000e-01
2.434557480000e-01
1.922079957000e-01
3.235597672000e-01
2.070993363000e-01
2.322075266000e-01
1.481045446000e-01
1.904841532000e-01
2.317188749000e-01
2.452985883000e-01
2.515900502000e-01
2.704590537000e-01
2.254658027000e-01
1.767317504000e-01
1.837818284000e-01
1.218312503000e-01
2.184595958000e-01
2.274248770000e-01
1.724385049000e-01
1.978369059000e-01
1.899849913000e-01
3.288116059000e-01
2.892513270000e-01
1.755398605000e-01
2.081500614000e-01
2.837186243000e-01
1.375932102000e-01
1.515707338000e-01
2.102641730000e-01
2.508422734000e-01
1.779521921000e-01
1.818508628000e-01
1.881387448000e-01
2.894353797000e-01
1.785738271000e-01
1.329358184000e-01
2.276987777000e-01
2.642384053000e-01
2.159715855000e-01
2.148904789000e-01
2.303012179000e-01
2.303631226000e-01
1.827072545000e-01
2.577829660000e-01
2.201063536000e-01
1.880368965000e-01
1.874709327000e-01
1.361088777000e-01
2.427772861000e-01
2.833914589000e-01
1.834011173000e-01
2.285695817000e-01
2.221921301000e-01
1.732235183000e-01
2.207333478000e-01
2.403984464000e-01
1.813127489000e-01
2.802292748000e-01
3.303267666000e-01
1.796618705000e-01
2.096922890000e-01
2.431087553000e-01
2.506271022000e-01
2.322131103000e-01
2.804211844000e-01
2.383577553000e-01
1.958281181000e-01
1.509201584000e-01
2.082178362000e-01
2.385329260000e-01
1.923676522000e-01
2.404072465000e-01
2.317188999000e-01
1.824613916000e-01
2.334027562000e-01
2.704590537000e-01
2.274248770000e-01
6.030216810000e-02
2.468794524000e-01
2.254551344000e-01
2.414074782000e-01
2.659601486000e-01
1.456522335000e-01
2.322197678000e-01
1.793036528000e-01
1.606725063000e-01
1.928838176000e-01
1.898705173000e-01
2.333821375000e-01
1.818355133000e-01
3.694251610000e-01
2.892513270000e-01
2.626286675000e-01
1.578589033000e-01
3.386147718000e-01
1.239239334000e-01
1.454916753000e-01
2.023091366000e-01
1.684068042000e-01
1.149840217000e-01
1.086501186000e-01
2.538930634000e-01
2.026493599000e-01
1.634230146000e-01
2.707546070000e-01
2.266883967000e-01
2.577829660000e-01
2.286987408000e-01
3.402070244000e-01
1.752502213000e-01
2.842924395000e-01
2.203728417000e-01
1.822448671000e-01
2.560217794000e-01
2.085357154000e-01
2.313611323000e-01
2.575592982000e-01
3.355148536000e-01
2.172081131000e-01
1.303534953000e-01
1.845777667000e-01
2.284925794000e-01
1.921762275000e-01
1.773228847000e-01
2.448350782000e-01
1.819682204000e-01
2.218152811000e-01
2.583377395000e-01
1.371328370000e-01
1.599745736000e-01
2.012458390000e-01
2.253525083000e-01
2.941492687000e-01
1.756274107000e-01
2.532901300000e-01
2.237561831000e-01
1.974775947000e-01
2.852327721000e-01
3.288116059000e-01
1.681927803000e-01
2.519236447000e-01
1.909236023000e-01
2.619201224000e-01
2.804211844000e-01
2.281476691000e-01
2.775523334000e-01
2.062914006000e-01
2.728915168000e-01
1.450301776000e-01
2.794736558000e-01
2.447934199000e-01
2.318823955000e-01
1.746011414000e-01
2.547942008000e-01
2.924089118000e-01
2.465781441000e-01
2.744928071000e-01
2.329627462000e-01
2.087122454000e-01
2.754498801000e-01
2.636071585000e-01
2.457640743000e-01
2.831813264000e-01
2.338291423000e-01
1.541923820000e-01
1.657529061000e-01
2.592497140000e-01
1.517942342000e-01
2.671828894000e-01
2.815966664000e-01
2.852327721000e-01
2.075409056000e-01
2.380246552000e-01
2.395130041000e-01
2.388478971000e-01
2.219504362000e-01
2.100241600000e-01
2.094505197000e-01
2.797763372000e-01
2.438680159000e-01
2.500106554000e-01
1.993356760000e-01
2.444346888000e-01
1.140674579000e-01
2.273032431000e-01
2.151568697000e-01
2.512011656000e-01
2.836462989000e-01
2.354418073000e-01
2.052224795000e-01
2.930489338000e-01
1.962651980000e-01
2.475219304000e-01
2.379932248000e-01
2.789131588000e-01
3.342506929000e-01
2.156346394000e-01
1.729372844000e-01
2.177545204000e-01
4.968561000000e-04
1.974619700000e-03
4.442511700000e-03
7.854388500000e-03
1.225038690000e-02
1.758647070000e-02
2.389521210000e-02
3.109141810000e-02
3.920408290000e-02
4.820693440000e-02
5.804231010000e-02
6.871518530000e-02
8.002132040000e-02
9.194221580000e-02
1.042601706000e-01
1.169732886000e-01
1.295941675000e-01
1.386974400000e-01
1.295941682000e-01
1.169732887000e-01
1.042601711000e-01
9.194221640000e-02
8.002132070000e-02
6.871518530000e-02
5.804231010000e-02
4.820693430000e-02
3.920408290000e-02
3.109141810000e-02
2.389521190000e-02
1.758647080000e-02
1.225038700000e-02
7.854388500000e-03
4.442511700000e-03
1.974619600000e-03
4.968561000000e-04
4.750000000000e-07
1.974619700000e-03
4.442511700000e-03
7.854388500000e-03
1.225038690000e-02
1.758647070000e-02
2.389521210000e-02
3.109141810000e-02
3.920408290000e-02
4.820693440000e-02
5.804231010000e-02
6.871518530000e-02
8.002132040000e-02
9.194221580000e-02
1.042601706000e-01
1.169732886000e-01
1.295941675000e-01
1.386974400000e-01
1.295941682000e-01
1.169732887000e-01
1.042601711000e-01
9.194221640000e-02
8.002132070000e-02
6.871518530000e-02
5.804231010000e-02
4.820693430000e-02
3.920408290000e-02
3.109141810000e-02
2.389521190000e-02
1.758647080000e-02
1.225038700000e-02
7.854388500000e-03
4.442511700000e-03
1.974619600000e-03
4.968561000000e-04
4.750000000000e-07
0.000000000000e+00
8.628300000000e-06
1.385470000000e-04
3.132460000000e-04
4.276992000000e-04
5.606244000000e-04
7.123940000000e-04
8.834188000000e-04
1.074162700000e-03
1.285089200000e-03
1.516776200000e-03
1.769769200000e-03
2.044666000000e-03
2.342113700000e-03
2.662796400000e-03
3.007356900000e-03
3.376586100000e-03
3.771168400000e-03
4.191904800000e-03
4.639501600000e-03
5.114841200000e-03
5.618665700000e-03
6.151770500000e-03
6.714981100000e-03
7.309136800000e-03
7.934951300000e-03
8.593357900000e-03
9.285048700000e-03
1.001084110000e-02
1.077154710000e-02
1.156786120000e-02
1.240051410000e-02
1.327024190000e-02
1.417778350000e-02
1.512370760000e-02
1.610869740000e-02
1.713336020000e-02
1.819832960000e-02
1.930397250000e-02
2.045106010000e-02
2.163982790000e-02
2.287079320000e-02
2.414435090000e-02
2.546092550000e-02
2.682061470000e-02
2.822398130000e-02
2.967103060000e-02
0.000000000000e+00
8.628300000000e-06
7.780080000000e-05
1.385470000000e-04
3.132460000000e-04
4.276992000000e-04
5.606244000000e-04
7.123940000000e-04
8.834188000000e-04
1.074162700000e-03
1.285089200000e-03
1.516776200000e-03
1.769769200000e-03
2.044666000000e-03
2.342113700000e-03
2.662796400000e-03
3.007356900000e-03
3.376586100000e-03
3.771168400000e-03
4.191904800000e-03
4.639501600000e-03
5.114841200000e-03
5.618665700000e-03
6.151770500000e-03
6.714981100000e-03
7.309136800000e-03
7.934951300000e-03
8.593357900000e-03
9.285048700000e-03
1.001084110000e-02
1.077154710000e-02
1.156786120000e-02
1.240051410000e-02
1.327024190000e-02
1.417778350000e-02
1.512370760000e-02
1.610869740000e-02
1.713336020000e-02
1.819832960000e-02
1.930397250000e-02
2.045106010000e-02
2.163982790000e-02
2.287079320000e-02
2.414435090000e-02
2.546092550000e-02
2.682061470000e-02
2.822398130000e-02
2.967103060000e-02
0.000000000000e+00
2.715380000000e-05
1.086192000000e-04
2.444739000000e-04
4.347180000000e-04
6.795454000000e-04
9.790598000000e-04
1.333392100000e-03
1.742844500000e-03
2.207445300000e-03
2.727675400000e-03
3.303737600000e-03
3.935895300000e-03
4.624671600000e-03
5.370133600000e-03
6.173051600000e-03
7.033733800000e-03
7.952585300000e-03
8.930345400000e-03
9.967132200000e-03
1.106401600000e-02
1.222141350000e-02
1.343988150000e-02
1.472037840000e-02
1.606309180000e-02
1.746938810000e-02
1.893981160000e-02
2.047507930000e-02
2.207638920000e-02
2.374403070000e-02
2.547960470000e-02
2.728406520000e-02
2.915770040000e-02
3.110247030000e-02
3.311851750000e-02
3.520792530000e-02
3.737179090000e-02
3.961041110000e-02
4.192600190000e-02
4.431907670000e-02
4.679193870000e-02
4.934589450000e-02
5.198126970000e-02
5.470069610000e-02
5.750479430000e-02
6.039625670000e-02
6.337662930000e-02
6.644625860000e-02
6.960827130000e-02
7.286334190000e-02
0.000000000000e+00
2.715370000000e-05
1.086192000000e-04
2.444739000000e-04
4.347188000000e-04
6.795454000000e-04
9.790587000000e-04
1.333390800000e-03
1.742844500000e-03
2.207447100000e-03
3.303735400000e-03
3.935893000000e-03
5.370136400000e-03
7.033733800000e-03
8.930345300000e-03
1.106401590000e-02
3.520791760000e-02
3.737178290000e-02
3.961041740000e-02
4.192600840000e-02
4.431907520000e-02
4.679193720000e-02
4.934588520000e-02
5.198126810000e-02
5.470070320000e-02
5.750479250000e-02
6.039625470000e-02
6.337662720000e-02
6.644625650000e-02
6.960825900000e-02
7.286333960000e-02
0.000000000000e+00
2.741620000000e-05
1.073728000000e-04
2.385559000000e-04
4.195600000000e-04
6.492944000000e-04
9.264359000000e-04
1.249728500000e-03
1.618080400000e-03
2.030132900000e-03
2.485041000000e-03
2.981511500000e-03
3.518571200000e-03
4.095113300000e-03
4.709904400000e-03
5.362330800000e-03
6.051124500000e-03
6.775514500000e-03
7.534349400000e-03
8.326742800000e-03
9.152058700000e-03
1.000910620000e-02
1.089726480000e-02
1.181549130000e-02
1.276295550000e-02
1.373903660000e-02
1.474302600000e-02
1.577398870000e-02
1.683095460000e-02
1.791359710000e-02
1.902081540000e-02
2.015245320000e-02
2.130738880000e-02
2.248508050000e-02
2.368472250000e-02
2.490613590000e-02
2.614836760000e-02
2.741067350000e-02
2.869254660000e-02
2.999354920000e-02
3.131320590000e-02
3.265066100000e-02
3.400564440000e-02
3.537720320000e-02
3.676524040000e-02
3.816925360000e-02
3.958842080000e-02
4.102265880000e-02
4.247073760000e-02
4.393322050000e-02
0.000000000000e+00
2.647910000000e-05
4.434674000000e-04
6.998646000000e-04
1.017360200000e-03
1.397736400000e-03
1.842446000000e-03
2.353231500000e-03
2.931724600000e-03
3.579423600000e-03
4.298507800000e-03
5.090480100000e-03
7.922939100000e-03
1.021124520000e-02
1.148152610000e-02
2.292936930000e-02
2.495810550000e-02
2.709287560000e-02
2.933581370000e-02
3.944672500000e-02
5.835379630000e-02
7.375343910000e-02
8.237664820000e-02
0.000000000000e+00
2.912280000000e-05
2.621940000000e-04
4.663069000000e-04
7.289832000000e-04
1.050339200000e-03
1.430626800000e-03
1.870089900000e-03
2.369016300000e-03
2.927644300000e-03
3.546482100000e-03
5.768010700000e-03
6.631745000000e-03
8.547543400000e-03
1.071818730000e-02
1.190108600000e-02
1.730040920000e-02
1.882170100000e-02
2.041325540000e-02
2.207626910000e-02
2.381184830000e-02
2.562133300000e-02
2.946593430000e-02
3.150345310000e-02
3.361992410000e-02
3.581634670000e-02
3.809405170000e-02
4.290051860000e-02
4.805152860000e-02
5.076046220000e-02
5.356051270000e-02
5.645386050000e-02
6.571077370000e-02
6.899605010000e-02
7.587802630000e-02
7.947976500000e-02
0.000000000000e+00
2.912280000000e-05
2.621940000000e-04
4.663069000000e-04
7.289832000000e-04
1.050339200000e-03
1.430626800000e-03
2.369016300000e-03
2.927644300000e-03
4.966209400000e-03
6.631745000000e-03
7.558138500000e-03
8.547543400000e-03
9.600862400000e-03
1.314990340000e-02
1.446554040000e-02
1.730040920000e-02
1.882170100000e-02
2.041325540000e-02
2.562133300000e-02
3.150345310000e-02
3.361992410000e-02
3.581634670000e-02
3.809405170000e-02
4.045516370000e-02
4.290051860000e-02
4.543230060000e-02
4.805152860000e-02
5.076046220000e-02
5.356051270000e-02
5.645386050000e-02
5.944152130000e-02
6.252677390000e-02
6.571077370000e-02
6.899605010000e-02
7.238461050000e-02
0.000000000000e+00
7.260900000000e-06
2.905150000000e-05
6.539150000000e-05
1.163155000000e-04
1.818742000000e-04
2.621371000000e-04
3.571819000000e-04
4.670978000000e-04
7.319949000000e-04
8.872249000000e-04
1.244005700000e-03
1.897562400000e-03
2.147768300000e-03
2.414539500000e-03
2.998650100000e-03
3.316555300000e-03
3.651996700000e-03
4.005291600000e-03
4.376745700000e-03
4.766620800000e-03
5.175300900000e-03
5.603029100000e-03
6.050205000000e-03
6.517132000000e-03
7.004193400000e-03
7.511752400000e-03
8.040165100000e-03
8.589761900000e-03
9.160955700000e-03
9.754252400000e-03
1.036981420000e-02
1.100820540000e-02
1.166979880000e-02
1.235504480000e-02
1.379813390000e-02
1.455675040000e-02
1.534069790000e-02
1.698634320000e-02
1.784897140000e-02
1.873857280000e-02
1.965564570000e-02
2.060078890000e-02
0.000000000000e+00
7.260900000000e-06
2.905150000000e-05
6.539150000000e-05
1.163155000000e-04
1.818742000000e-04
2.621371000000e-04
3.571819000000e-04
4.670978000000e-04
5.919927000000e-04
8.872249000000e-04
1.057837900000e-03
1.244005700000e-03
1.445874000000e-03
1.663668900000e-03
1.897562400000e-03
2.414539500000e-03
2.698085800000e-03
2.998650100000e-03
3.316555300000e-03
3.651996700000e-03
4.005291600000e-03
4.376745700000e-03
4.766620800000e-03
5.175300900000e-03
6.050205000000e-03
6.517132000000e-03
7.004193400000e-03
7.511752400000e-03
8.040165100000e-03
8.589761900000e-03
9.160955700000e-03
9.754252400000e-03
1.036981420000e-02
1.100820540000e-02
1.166979880000e-02
1.235504480000e-02
1.306437940000e-02
1.379813390000e-02
1.455675040000e-02
1.534069790000e-02
1.615040800000e-02
1.698634320000e-02
1.784897140000e-02
1.873857280000e-02
1.965564570000e-02
2.060078890000e-02
7.836300000000e-06
3.134790000000e-05
7.054440000000e-05
1.254439000000e-04
1.960624000000e-04
2.824353000000e-04
3.845877000000e-04
5.025632000000e-04
6.364058000000e-04
7.861622000000e-04
9.519123000000e-04
1.133695700000e-03
1.331595800000e-03
1.545661500000e-03
1.776006600000e-03
2.022707800000e-03
2.285856300000e-03
2.565502700000e-03
2.861810200000e-03
3.174834900000e-03
3.504711000000e-03
3.851524400000e-03
4.215434900000e-03
4.596561300000e-03
4.994993200000e-03
5.410896300000e-03
5.844353600000e-03
6.295562600000e-03
6.764608200000e-03
7.251627600000e-03
7.756867500000e-03
8.280348300000e-03
8.822294200000e-03
9.382775700000e-03
9.962038100000e-03
1.056019310000e-02
1.117742590000e-02
1.181380640000e-02
1.246962000000e-02
1.314493180000e-02
1.383993120000e-02
1.455474760000e-02
1.528960240000e-02
1.604471290000e-02
1.682002740000e-02
1.761595410000e-02
1.843245300000e-02
1.926980060000e-02
2.012803220000e-02
7.836300000000e-06
3.134790000000e-05
7.054420000000e-05
1.254436000000e-04
1.960625000000e-04
2.824354000000e-04
3.845878000000e-04
5.025633000000e-04
6.364059000000e-04
7.861641000000e-04
9.519108000000e-04
1.133693900000e-03
1.331596400000e-03
1.545662200000e-03
1.776013500000e-03
2.022715600000e-03
2.285856300000e-03
2.565507900000e-03
2.861816000000e-03
3.174847600000e-03
3.504725000000e-03
3.851539700000e-03
4.215451600000e-03
4.596579400000e-03
4.995004200000e-03
5.410908100000e-03
5.844377500000e-03
6.295588200000e-03
6.764635600000e-03
7.251656700000e-03
7.756871100000e-03
8.280367600000e-03
8.822314500000e-03
9.382797200000e-03
9.962079000000e-03
1.056023610000e-02
1.117747110000e-02
1.181385380000e-02
1.246962800000e-02
1.314496330000e-02
1.383996410000e-02
1.455480710000e-02
1.528966430000e-02
1.604472580000e-02
1.682004080000e-02
1.761596800000e-02
1.843249800000e-02
1.926986350000e-02
2.012805680000e-02
1.069430000000e-05
4.278480000000e-05
9.629500000000e-05
1.712451000000e-04
2.677020000000e-04
3.857323000000e-04
5.253967000000e-04
6.867940000000e-04
8.700436000000e-04
1.075233900000e-03
1.302481500000e-03
1.551972300000e-03
1.823850000000e-03
2.118291200000e-03
2.435454900000e-03
2.775541900000e-03
3.138727400000e-03
3.525199300000e-03
3.935236900000e-03
4.369083300000e-03
4.826935000000e-03
5.309001100000e-03
5.815601300000e-03
6.346928300000e-03
6.903199000000e-03
7.484838900000e-03
8.091990300000e-03
8.724983800000e-03
9.384008900000e-03
1.006943860000e-02
1.078144170000e-02
1.152029190000e-02
1.228632960000e-02
1.307978430000e-02
1.390093290000e-02
1.474997610000e-02
1.562729090000e-02
1.653290410000e-02
1.746699580000e-02
1.843015140000e-02
1.942231870000e-02
2.044380260000e-02
2.149476300000e-02
2.257537170000e-02
2.368569540000e-02
2.482600550000e-02
1.069430000000e-05
4.278480000000e-05
9.629500000000e-05
1.712451000000e-04
2.677020000000e-04
3.857323000000e-04
5.253967000000e-04
6.867940000000e-04
8.700436000000e-04
1.075233900000e-03
1.302481500000e-03
1.551972300000e-03
1.823850000000e-03
2.118291200000e-03
2.435454900000e-03
2.775541900000e-03
3.138727400000e-03
3.525199300000e-03
3.935236900000e-03
4.369083300000e-03
4.826935000000e-03
5.309001100000e-03
5.815601300000e-03
6.346928300000e-03
6.903199000000e-03
7.484838900000e-03
8.091990300000e-03
8.724983800000e-03
9.384008900000e-03
1.006943860000e-02
1.078144170000e-02
1.152029190000e-02
1.228632950000e-02
1.307978430000e-02
1.390093290000e-02
1.474997610000e-02
1.562729090000e-02
1.653290410000e-02
1.746699580000e-02
1.843015140000e-02
1.942231870000e-02
2.044380260000e-02
2.149476300000e-02
2.257537170000e-02
2.368569540000e-02
2.482600550000e-02
0.000000000000e+00
1.305640000000e-05
5.238380000000e-05
1.180758000000e-04
2.102322000000e-04
3.289366000000e-04
4.742948000000e-04
6.463764000000e-04
8.453493000000e-04
1.071216500000e-03
1.324168000000e-03
1.604296000000e-03
1.911625900000e-03
2.246371300000e-03
2.608489700000e-03
2.998296600000e-03
3.415769000000e-03
3.861037100000e-03
4.835435400000e-03
5.364828900000e-03
5.922591600000e-03
6.508529300000e-03
7.123232100000e-03
7.766522400000e-03
8.438562100000e-03
9.139579500000e-03
9.869480700000e-03
1.062880110000e-02
1.141721360000e-02
1.223523940000e-02
1.308279320000e-02
1.396016080000e-02
1.486735420000e-02
1.580455350000e-02
1.677198780000e-02
1.776990380000e-02
1.879827410000e-02
1.985701230000e-02
2.094683340000e-02
2.206744580000e-02
2.321951110000e-02
2.440230090000e-02
2.561709360000e-02
2.686307400000e-02
2.814129100000e-02
2.945109030000e-02
3.079321930000e-02
3.216759470000e-02
3.357451220000e-02
0.000000000000e+00
1.313040000000e-05
1.175806000000e-04
2.087299000000e-04
3.257166000000e-04
4.684642000000e-04
1.050324600000e-03
1.565507800000e-03
1.861063200000e-03
2.181789400000e-03
2.527622200000e-03
2.898502600000e-03
3.294430300000e-03
3.715228800000e-03
4.631155000000e-03
5.126192000000e-03
6.758823300000e-03
7.351933400000e-03
7.969468900000e-03
9.967385100000e-03
1.068166630000e-02
1.142000070000e-02
1.218225450000e-02
1.377857410000e-02
1.461237550000e-02
1.546995480000e-02
1.818459040000e-02
1.913648620000e-02
2.011201280000e-02
2.111076280000e-02
2.213286330000e-02
7.640360000000e-04
9.988621000000e-04
1.265379400000e-03
1.563775200000e-03
1.894053600000e-03
2.256473800000e-03
2.651030800000e-03
3.077889100000e-03
3.537151500000e-03
4.028821400000e-03
4.553224900000e-03
5.110285200000e-03
5.700303400000e-03
6.979456000000e-03
7.668626100000e-03
8.391364600000e-03
9.147556000000e-03
9.937221200000e-03
1.076082140000e-02
1.161807620000e-02
1.250942570000e-02
1.343486380000e-02
1.439459210000e-02
1.538880940000e-02
1.641732780000e-02
1.748078490000e-02
1.857869370000e-02
1.971179660000e-02
2.087976190000e-02
2.208325510000e-02
2.332206290000e-02
2.459603520000e-02
2.590603760000e-02
2.725142430000e-02
2.863310070000e-02
3.005053490000e-02
3.150457720000e-02
3.299494320000e-02
3.452124920000e-02
3.608496590000e-02
3.768492000000e-02
3.932228450000e-02
9.800241000000e-04
1.239218300000e-03
1.528546900000e-03
1.847869300000e-03
2.197121500000e-03
2.576157900000e-03
2.985019900000e-03
3.423527300000e-03
3.891574000000e-03
4.389191300000e-03
4.916179700000e-03
5.472648700000e-03
6.058247500000e-03
6.673123900000e-03
7.317217700000e-03
7.990205600000e-03
8.692341500000e-03
9.423275900000e-03
1.018322660000e-02
1.097175850000e-02
1.178914380000e-02
1.263521180000e-02
1.350966730000e-02
1.441283600000e-02
1.534424870000e-02
1.630421390000e-02
1.729243160000e-02
1.830903400000e-02
1.935360200000e-02
2.042645080000e-02
2.152743230000e-02
2.265611630000e-02
2.381303350000e-02
2.499756200000e-02
2.621029300000e-02
2.745035570000e-02
1.146050600000e-03
1.491692600000e-03
1.881414600000e-03
2.314780200000e-03
2.791322400000e-03
3.310662600000e-03
3.872281600000e-03
4.475915200000e-03
5.120920700000e-03
5.806983400000e-03
6.533724600000e-03
7.300732700000e-03
8.107615600000e-03
8.954120500000e-03
9.839603900000e-03
1.076381700000e-02
1.172639100000e-02
1.272695980000e-02
1.376516380000e-02
1.484068650000e-02
1.595307920000e-02
1.710217020000e-02
1.828741420000e-02
1.950856410000e-02
2.076528850000e-02
2.205725810000e-02
2.338414940000e-02
2.474563940000e-02
2.614141380000e-02
2.757146750000e-02
2.903476100000e-02
3.053151690000e-02
3.206131930000e-02
3.362386470000e-02
3.521892130000e-02
3.684606110000e-02
3.850505420000e-02
1.578076700000e-03
2.004579300000e-03
2.483888100000e-03
3.016582500000e-03
3.603251100000e-03
4.244632100000e-03
4.941008300000e-03
5.693208200000e-03
6.501810700000e-03
7.367424300000e-03
8.290714900000e-03
9.272309300000e-03
1.031285880000e-02
1.141321330000e-02
1.257369700000e-02
1.379502680000e-02
1.507806950000e-02
1.642343990000e-02
1.783183830000e-02
1.930394610000e-02
2.084053000000e-02
2.244264440000e-02
2.411032670000e-02
2.584454700000e-02
2.764627560000e-02
2.951616350000e-02
3.145497630000e-02
3.346348890000e-02
3.554249040000e-02
3.769316410000e-02
3.991555630000e-02
4.221068140000e-02
4.457965830000e-02
4.702317720000e-02
4.954207400000e-02
5.213719420000e-02
5.480939740000e-02
5.756006110000e-02
6.038915320000e-02
6.329784150000e-02
6.628695080000e-02
6.935768890000e-02
0.000000000000e+00
2.480260000000e-05
9.998400000000e-05
2.267318000000e-04
4.063220000000e-04
6.399385000000e-04
9.289068000000e-04
1.274533400000e-03
1.678204100000e-03
2.141209600000e-03
2.664982700000e-03
3.251027700000e-03
3.900810800000e-03
4.615610000000e-03
5.397082500000e-03
6.246802200000e-03
7.166350500000e-03
8.157452800000e-03
1.157637010000e-02
1.287016490000e-02
1.424410020000e-02
1.569998660000e-02
1.723975890000e-02
1.886530000000e-02
2.057882100000e-02
2.427708100000e-02
2.626640350000e-02
2.835142020000e-02
3.053497360000e-02
3.520520050000e-02
3.769730710000e-02
4.582907860000e-02
5.182093170000e-02
5.499646600000e-02
5.829474920000e-02
6.171848650000e-02
6.527182590000e-02
6.895683470000e-02
7.277655530000e-02
7.673400490000e-02
8.083190590000e-02
8.507384770000e-02
8.946357060000e-02
0.000000000000e+00
2.438310000000e-05
9.680730000000e-05
5.910762000000e-04
8.445783000000e-04
1.140666200000e-03
1.478390300000e-03
1.856676200000e-03
2.731214000000e-03
3.756679900000e-03
4.323843900000e-03
5.562304600000e-03
6.232062600000e-03
7.668216400000e-03
8.433194900000e-03
9.228259000000e-03
1.005298360000e-02
1.090602540000e-02
1.363049350000e-02
1.658794040000e-02
1.976080280000e-02
2.429785440000e-02
2.548316880000e-02
2.915265700000e-02
2.555191392000e-01
1.677109770000e-01
3.443063305000e-01
1.385499470000e-01
1.491148580000e-01
2.130792129000e-01
1.619849007000e-01
2.720464370000e-01
2.633771008000e-01
2.066255272000e-01
2.005757389000e-01
1.878051352000e-01
1.471407039000e-01
3.050049958000e-01
2.824201758000e-01
2.095482299000e-01
