0.3392436432
0.322596307
0.3383496421
0.3211748176
0.3128266489
0.3076690521
0.3177679257
0.3265395376
0.3467581678
0.3128359303
0.2975269558
0.3114779409
0.2973834324
0.3174862315
0.3058503586
0.3221879668
0.3053993202
0.3153764635
0.3041693596
0.29377535
0.31472015
0.3276930744
0.2933390186
0.3002792549
0.327788203
0.3223357647
0.3243610104
0.3407163606
0.3378344226
0.3225594494
0.3658684492
0.3144170126
0.328695318
0.3141990737
0.3071789027
0.3320775579
0.3271843631
0.3028037158
0.3278177734
0.3076275349
0.2993775162
0.3240880522
0.3074751595
0.3435730446
0.3338878778
0.291040322
0.315762693
0.3168196252
0.3101192821
0.3014681028
0.3016486113
0.3054157109
0.3035453736
0.3472018691
0.3222103158
0.327540355
0.3299261207
0.3051435757
0.2948323246
0.2959054026
0.315230474
0.3424141248
0.2959329064
0.3168660431
0.3081901351
0.310182903
0.2980255723
0.3179113891
0.2982788894
0.3334539534
0.312589341
0.3208167533
0.3158506021
0.3147692426
0.3204957782
0.3198110817
0.3172617823
0.2859957154
0.3493109366
0.3297616403
0.3495594967
0.2981080077
0.4022752825
0.3158441511
0.3127297222
0.3003441459
0.3091363768
0.2975908328
0.3118425374
0.3792895256
0.2994797429
0.3095717342
0.3075299618
0.3225594494
0.3278177734
0.3041693596
0.3526772875
0.3045970853
0.308622679
0.3078981485
0.3376602741
0.3409399702
0.3351755519
0.3073604069
0.3435730446
0.3734156847
0.2987435379
0.3165791999
0.367077179
0.3636364163
0.2962240792
0.3199076583
0.3391592153
0.3074751595
0.3427347677
0.2956325881
0.3285354843
0.3201474282
0.3045056645
0.2993268145
0.3166126816
0.3391137183
0.3693409645
0.3170644892
0.337316124
0.3574593511
0.2808376666
0.3403390279
0.3492364504
0.3748941527
0.3199988564
0.3707962964
0.3281245747
0.3139236899
0.3068390422
0.3289602681
0.2853884552
0.3079232285
0.3127297222
0.3569705658
0.3132212718
0.3205667557
0.2994810579
0.3661817178
0.3350930512
0.3481164136
0.3278177734
0.3599655096
0.3074551244
0.3294874981
0.3045970853
0.375329739
0.3792895256
0.2963796461
0.3313129411
0.3170644892
0.3303254518
0.355371033
0.3391137183
0.3348653883
0.3232985815
0.3256743239
0.3737932324
0.3007804876
0.3381083863
0.3564022251
0.3462507505
0.2993268145
0.3245107328
0.3025743343
0.3574593511
0.2866138958
0.3476630789
0.336459728
0.3166126816
0.3117902694
0.3159135317
0.3292624934
0.3284607841
0.3483908099
0.3478597275
0.3323505637
0.2889455675
0.368129231
0.3707962964
0.329444904
0.3068390422
0.3333539181
0.3218144926
0.3139236899
0.3222244405
0.326884839
0.3090544341
0.3031786361
0.3480706299
0.3574808157
0.3350930512
0.3278177734
0.354000441
0.3850221416
0.3880909929
0.3141136903
0.3613751214
0.3086482544
0.3414860398
0.3074551244
0.3540652447
0.3439460914
0.3301311223
0.3385971224
0.3348653883
0.2950204239
0.3165835726
0.3438142996
0.3025743343
0.3549094139
0.3464128451
0.3170644892
0.3301322573
0.3151505141
0.3354448437
0.3564022251
0.3258960204
0.3599862422
0.3073542115
0.2866138958
0.374399991
0.3071608414
0.3674800957
0.3340432905
0.3022952937
0.414237158
0.3038608822
0.3389465574
0.3333539181
0.3190441752
0.3279733784
0.3532026211
0.3139236899
0.320897031
0.3218144926
0.3788548845
0.3254265439
0.326884839
0.3090544341
0.3497413833
0.3278177734
0.3086482544
0.3677468507
0.3574808157
0.3613751214
0.3983371928
0.3460695064
0.3079977894
0.3132662099
0.4030025622
0.3309346532
0.3007432498
0.3348653883
0.3900948623
0.3438142996
0.3385971224
0.314364439
0.2866138958
0.3324042773
0.3494482231
0.3395891806
0.3076877974
0.3333469234
0.3239580803
0.4195846012
0.3021702043
0.3356489831
0.3216729041
0.3262901502
0.3917056934
0.414237158
0.3736003486
0.3138610374
0.3647137685
0.3436448384
0.3335946442
0.3102867129
0.3190441752
0.3125182078
0.3292422145
0.3254265439
0.3435523332
0.333526171
0.3591724336
0.3468827107
0.3086482544
0.3613751214
0.3627889753
0.3526827767
0.3079977894
0.3439903781
0.4100337036
0.4125956228
0.3259226346
0.3294838499
0.3405354068
0.3348653883
0.3228231651
0.3385971224
0.3327146935
0.3295850289
0.3503314628
0.3524177739
0.3457715568
0.3295984913
0.2996512955
0.4195846012
0.3048751363
0.3495657967
0.2866138958
0.3860827425
0.3281250956
0.2987859549
0.3399376964
0.3815011006
0.2951248368
0.3115179221
0.3701117986
0.3172277589
0.4082398461
0.3065464668
0.2935626215
0.3453901712
0.331669619
0.3611870703
0.3183033297
0.333526171
0.3594800731
0.331175424
0.3675439684
0.3572555537
0.3411646344
0.3079977894
0.3569205407
0.3414742934
0.3388278932
0.3435444197
0.3405354068
0.3294860048
0.308492617
0.3441187347
0.32132639
0.3524177739
0.3451545492
0.2996512955
0.4013346233
0.3073598438
0.3251530391
0.3525579935
0.3263286913
0.3196330306
0.2971395464
0.3860827425
0.3243683007
0.3166984191
0.3815011006
0.2951248368
0.2854268536
0.3152202533
0.3123984209
0.3998760266
0.3127300673
0.3188001868
0.3182253781
0.4082398461
0.3342451217
0.3717801474
0.3594800731
0.3172277589
0.327163322
0.331175424
0.333526171
0.3517958886
0.3538097982
0.3675439684
0.3217683188
0.3435444197
0.3414742934
0.3238667534
0.3405354068
0.3369361077
0.3052356719
0.3736822193
0.32132639
0.3463202547
0.3618832113
0.3153439936
0.3117427157
0.3525579935
0.3263286913
0.3393564162
0.3581376868
0.3272389174
0.3264028025
0.2971395464
0.3813784207
0.3205238901
0.3123984209
0.3052764742
0.3815011006
0.2854268536
0.3133288635
0.3996252306
0.3594800731
0.3152202533
0.345513173
0.3316142758
0.4146458848
0.3242597204
0.3518922464
0.3129552611
0.3977445785
0.3396398787
0.3861708432
0.3226446571
0.3238449794
0.3316170544
0.3675439684
0.3207144658
0.3640572425
0.3405354068
0.3414742934
0.3742348486
0.3588089146
0.32132639
0.3153439936
0.360459723
0.3618832113
0.2859476863
0.3479458975
0.3117427157
0.3264028025
0.3085294086
0.3075110437
0.3272389174
0.3940030997
0.3813784207
0.363409992
0.3197454822
0.3594800731
0.2854268536
0.3082606049
0.3815011006
0.3518922464
0.3534954777
0.3848160031
0.3366941973
0.3145032027
0.3152202533
0.3371436381
0.3961041554
0.3566582958
0.3977445785
0.3129552611
0.3238449794
0.3742954562
0.3297482555
0.3414742934
0.3405354068
0.2950905934
0.394046806
0.3471795181
0.3584461358
0.3588089146
0.3153439936
0.3713167223
0.3767129374
0.3665943796
0.3438868218
0.2877226829
0.3117427157
0.3076450813
0.3858719951
0.3085294086
0.315505723
0.3075110437
0.3715740027
0.3307821731
0.2878021905
0.3195430891
0.3082606049
0.3815011006
0.3534954777
0.3570014708
0.3032134337
0.3364245273
0.3566582958
0.3238449794
0.3121302454
0.3371436381
0.367018799
0.3146412438
0.3977445785
0.3308175908
0.3457590629
0.3449636429
0.2998672991
0.2950905934
0.3471795181
0.3819973811
0.3153439936
0.3923383083
0.3757499569
0.3620516237
0.3543348724
0.3466591213
0.3117427157
0.2905551487
0.3075110437
0.3858719951
0.3076450813
0.3001714083
0.3530234579
0.3531116729
0.3098058109
0.3815011006
0.2997020837
0.3122490008
0.3325533097
0.3032134337
0.2867725002
0.3438981697
0.332499991
0.3238449794
0.3566582958
0.3536558327
0.3179224793
0.3036563658
0.3339134317
0.3942798119
0.3330529886
0.2998946212
0.3438671515
0.32573806
0.3153439936
0.3779218558
0.2950905934
0.3004967412
0.4031133816
0.3620516237
0.2762610433
0.3174856361
0.3348251713
0.3026911716
0.2922905323
0.3571033529
0.3158812145
0.3239191661
0.3129073628
0.3732345035
0.2937064264
0.3815011006
0.2997020837
0.3402118373
0.3114692217
0.3174014219
0.3325533097
0.2870506074
0.3353899535
0.332499991
0.349921001
0.2978353919
0.361897778
0.3652236672
0.2998946212
0.3610190497
0.3779218558
0.3416897527
0.3222078125
0.32573806
0.3248739161
0.3942798119
0.367691802
0.4051010502
0.2950905934
0.3374997477
0.3357426098
0.4031659484
0.2761191363
0.3090682882
0.32664904
0.3853669519
0.2922905323
0.3263917919
0.2997020837
0.3241506103
0.2948983719
0.4019554056
0.3362093002
0.3270136684
0.3306228742
0.3325533097
0.2885315122
0.3269511462
0.3034265592
0.3586349398
0.3087297017
0.361897778
0.3750406988
0.2896097261
0.3234327191
0.3779218558
0.3591832926
0.3610190497
0.3399672986
0.367691802
0.3224249987
0.337342093
0.4087432215
0.3867775034
0.4031659484
0.3453147716
0.3487472846
0.2950905934
0.3644347923
0.3583961594
0.3345204237
0.3509091453
0.3238468424
0.3090682882
0.3270136684
0.3573653799
0.2948983719
0.3941311434
0.32664904
0.3349398034
0.3155752839
0.3269511462
0.2626019613
0.37625858
0.3087297017
0.3750406988
0.3578399007
0.3233926711
0.3234327191
0.3569994781
0.3307026979
0.3591832926
0.3800859175
0.3440339262
0.3657884965
0.3294382742
0.3224249987
0.3380470876
0.4073771364
0.3381881608
0.4031659484
0.3302675455
0.3453147716
0.3306037771
0.3808842803
0.3583961594
0.3433095441
0.2950905934
0.330170181
0.3459539635
0.3388046458
0.3513985718
0.3211938389
0.3941311434
0.2846994834
0.2672089465
0.301091258
0.3269511462
0.3252382414
0.2704885074
0.3792202743
0.3578399007
0.3595456432
0.3750406988
0.3031669576
0.3576666421
0.3569994781
0.3114423944
0.3591832926
0.3307026979
0.38518182
0.3440339262
0.3454296048
0.4073771364
0.3385969673
0.3380470876
0.3977963398
0.4031659484
0.3453147716
0.3346125817
0.3574722917
0.3808842803
0.3459539635
0.3364615521
0.3614389286
0.2950905934
0.3323146649
0.3941311434
0.3621676954
0.3269511462
0.2921777118
0.2672089465
0.3541153498
0.2704885074
0.3252382414
0.3578399007
0.3595456432
0.3750406988
0.3031669576
0.3114423944
0.3576666421
0.3595392065
0.4193994367
0.3775266291
0.3569994781
0.3931049066
0.3440339262
0.4031659484
0.3347668691
0.4049197132
0.3385969673
0.3343343053
0.3453147716
0.3454296048
0.3808842803
0.3574722917
0.3459539635
0.328052006
0.362641598
0.3323146649
0.3621676954
0.3269511462
0.3829773203
0.2950905934
0.2921777118
0.2672089465
0.3419094439
0.3578399007
0.3595456432
0.2704885074
0.3749715703
0.3252382414
0.3578399007
0.3480897136
0.3931049066
0.3343343053
0.3595456432
0.3595392065
0.3711478606
0.3269511462
0.3775266291
0.4060586958
0.3601799473
0.3419094439
0.3461230679
0.4049197132
0.3578573015
0.3139721778
0.329444904
0.3440339262
0.3237143154
0.3808842803
0.4471866393
0.2976661433
0.3240503435
0.2672089465
0.3646010711
0.3749715703
0.3399125165
0.2704885074
0.2921777118
0.3018921002
0.3576666421
0.3052542155
0.3428479733
0.3385969673
0.3252382414
0.2950905934
0.3578399007
0.3931049066
0.3480897136
0.3711478606
0.3343343053
0.3419094439
0.3595392065
0.3595456432
0.4060586958
0.3775266291
0.3269511462
0.4049197132
0.3139721778
0.3461230679
0.329444904
0.3808842803
0.3578573015
0.2976661433
0.2672089465
0.3237143154
0.3646010711
0.3240503435
0.3440339262
0.3018921002
0.2921777118
0.3749715703
0.3576666421
0.3601799473
0.4471866393
0.3377122554
0.2704885074
0.3428479733
0.3052542155
0.3385969673
0.2950905934
0.3252382414
0.3578399007
0.3711478606
0.3931049066
0.3480897136
0.3595456432
0.3775266291
0.3343343053
0.3419094439
0.3595392065
0.4060586958
0.3269511462
0.329444904
0.4049197132
0.3808842803
0.3461230679
0.3139721778
0.2976661433
0.3240503435
0.3237143154
0.3578573015
0.4471866393
0.3646010711
0.3601799473
0.3377122554
0.2672089465
0.3018921002
0.3428479733
0.3749715703
0.2704885074
0.3440339262
0.2921777118
0.3576666421
0.3052542155
0.3385969673
0.3252382414
0.2950905934
0.3578399007
0.3711478606
0.3931049066
0.3775266291
0.3595456432
0.3480897136
0.3343343053
0.3595392065
0.3419094439
0.4060586958
0.3269511462
0.3461230679
0.329444904
0.4049197132
0.3808842803
0.3139721778
0.2976661433
0.4471866393
0.3601799473
0.3240503435
0.3578573015
0.3237143154
0.3377122554
0.3018921002
0.3646010711
0.3440339262
0.2672089465
0.3749715703
0.3576666421
0.2704885074
0.3428479733
0.2921777118
0.3052542155
0.3385969673
0.3252382414
0.2950905934
0.3578399007
0.3775266291
0.3711478606
0.3931049066
0.3595456432
0.3480897136
0.3419094439
0.3595392065
0.3343343053
0.4060586958
0.3269511462
0.4471866393
0.3139721778
0.329444904
0.3808842803
0.3461230679
0.4049197132
0.2976661433
0.3240503435
0.3601799473
0.3237143154
0.3578573015
0.3377122554
0.3440339262
0.3646010711
0.3749715703
0.3018921002
0.2672089465
0.3576666421
0.2704885074
0.2921777118
0.3428479733
0.3052542155
0.3385969673
0.2950905934
0.3578399007
0.3252382414
0.3931049066
0.3711478606
0.3595456432
0.3419094439
0.3480897136
0.3775266291
0.3595392065
0.3343343053
0.4060586958
0.4471866393
0.3269511462
0.329444904
0.3808842803
0.4049197132
0.2976661433
0.3461230679
0.3240503435
0.3139721778
0.3237143154
0.3601799473
0.3578573015
0.3377122554
0.3646010711
0.3440339262
0.3749715703
0.2704885074
0.3018921002
0.3576666421
0.2672089465
0.2921777118
0.3428479733
0.3578399007
0.3052542155
0.3385969673
0.3252382414
0.2950905934
0.3931049066
0.3419094439
0.3711478606
0.3595456432
0.3775266291
0.3480897136
0.3595392065
0.3343343053
0.4471866393
0.4060586958
0.329444904
0.3808842803
0.2976661433
0.3269511462
0.3139721778
0.3240503435
0.3461230679
0.3237143154
0.4049197132
0.3601799473
0.3377122554
0.3578573015
0.3749715703
0.2704885074
0.3440339262
0.3578399007
0.3646010711
0.3018921002
0.3576666421
0.2672089465
0.3428479733
0.2921777118
0.3052542155
0.3385969673
0.2950905934
0.3252382414
0.3931049066
0.3419094439
0.3775266291
0.313637868
0.3317114381
0.3069818227
0.3071190424
0.3206782992
0.3383751168
0.3207102976
0.3116018774
0.2957445605
0.3541214364
0.435643803
0.3140749041
0.3213845039
0.3712393983
0.3222917475
0.3110576492
0.3130849792
0.3525013961
0.329100418
0.3048237904
0.2999809905
0.309660513
0.3605379687
0.3133504272
0.3025919412
0.3248629197
0.3050187637
0.3090287596
0.3041692102
0.3407319518
0.3331545566
0.3175675766
0.3056823898
0.3245272167
0.3175503332
0.3452346496
0.3061197667
0.3111541254
0.3034125292
0.3154153237
0.3243780359
0.3255820417
0.3102238003
0.3037130341
0.3205407516
0.3666132033
0.3052087741
0.3256862739
0.3018816908
0.3500699538
0.3290107379
0.314480674
0.4224676072
0.318700029
0.301336682
0.3332794789
0.31076832
0.3181798938
0.3201125857
0.3633076196
0.3314683058
0.336040854
0.3227875588
0.3336087664
0.3102579851
0.3326136005
0.3115071065
0.3498900663
0.3136057149
0.3079507926
0.3157355882
0.30148683
0.3516023172
0.316458735
0.4531039523
0.3044011586
0.3081192768
0.3035960543
0.3142190863
0.3034446303
0.3014567345
0.3315185641
0.328221598
0.3048699429
0.3398620842
0.3428570816
0.3457819072
0.3174251528
0.3267676307
0.3427920958
0.3537678346
0.3398216709
0.2926353775
0.3605076957
0.3351165496
0.3188970882
0.3844588862
0.2981275936
0.315777556
0.3371006164
0.3010234703
0.3613211501
0.3292681954
0.3068317632
0.3605379687
0.2968455696
0.3002455984
0.3139235041
0.2883071953
0.3142148041
0.2943431795
0.329100418
0.386172692
0.3500699538
0.3838193498
0.3061103869
0.3296792514
0.3245272167
0.3237503726
0.3016964634
0.3295205574
0.320235117
0.3525013961
0.4868586604
0.3163686862
0.3332643114
0.3243780359
0.2850522657
0.3025049584
0.3246008721
0.3464822328
0.3005990428
0.3584215814
0.3338859641
0.3220827882
0.3055976479
0.3146307058
0.2967188645
0.3861053586
0.3205661171
0.3214415021
0.3203028584
0.310099899
0.4845280581
0.3340162143
0.3801762186
0.3644749121
0.3332794789
0.353483657
0.3323851441
0.3544324879
0.337377304
0.3495124714
0.3167151928
0.3241828378
0.3973461558
0.3225762232
0.3336087664
0.3154153237
0.3111436097
0.3315185641
0.3014567345
0.2926882265
0.3391725879
0.328221598
0.3162043222
0.3193679433
0.3374750225
0.423382626
0.3415532123
0.3302778706
0.3216707973
0.397157668
0.3062365047
0.422796677
0.3210944865
0.3770641337
0.3727380084
0.3428570816
0.3359408938
0.3021887414
0.3870482247
0.2982548437
0.3697770263
0.3223854316
0.320206226
0.3059466681
0.381232265
0.3505097415
0.359587911
0.3458934876
0.3262395252
0.3605379687
0.33030356
0.3100272399
0.3197861854
0.3942794524
0.3924529379
0.3525013961
0.3071582673
0.4868586604
0.3057007084
0.320235117
0.329100418
0.2943431795
0.386172692
0.3158792641
0.3295205574
0.2883071953
0.3474337273
0.3016964634
0.3319816964
0.3239791363
0.3163686862
0.3695747612
0.3500699538
0.3225085848
0.3029747074
0.3458112612
0.330850073
0.4002119784
0.3125217736
0.3245272167
0.4845280581
0.3221339154
0.4251275493
0.3336087664
0.33866146
0.3332794789
0.3506973918
0.3512500637
0.3217234484
0.3126211597
0.3162043222
0.2853052763
0.3379095935
0.3111436097
0.3371338161
0.3545553526
0.3663879864
0.3216707973
0.3513326136
0.353483657
0.3225762232
0.328221598
0.3241828378
0.2926882265
0.3466589273
0.354976778
0.3315185641
0.2871722132
0.3193679433
0.3217318574
0.3210944865
0.3062365047
0.3405201948
0.301034894
0.4107570128
0.3435931289
0.423382626
0.440752369
0.3405189475
0.3506716737
0.3098295286
0.3590134015
0.440208099
0.336583752
0.5301691324
0.3130974043
0.4118726881
0.3391725879
0.3770641337
0.3603849558
0.3249982948
0.3342132843
0.2635071709
0.3456928349
0.3896970899
0.379287194
0.3012423262
0.3523992722
0.4072128042
0.427379252
0.3286127001
0.3124439078
0.320330997
0.3229641868
0.2941721425
0.4319098269
0.3606416749
0.3319816964
0.3420524994
0.4006458689
0.3265929603
0.386172692
0.3087046826
0.3671987374
0.325731181
0.348350829
0.3295205574
0.4133469781
0.3245272167
0.3332794789
0.3225085848
0.5266825283
0.3227741536
0.3418560598
0.3205015655
0.3692703129
0.3512500637
0.3379095935
0.3221408676
0.3331381716
0.3907658756
0.3162043222
0.3257132927
0.3711656805
0.3431904782
0.3216707973
0.3758657124
0.3044165342
0.3600411966
0.3217318574
0.3024789443
0.2871722132
0.3336087664
0.353483657
0.2962317997
0.2781596946
0.3140583735
0.367689194
0.4107570128
0.3232334106
0.3264243021
0.4636743442
0.2816080645
0.3346225324
0.396245737
0.3419127476
0.4524646497
0.289367057
0.6740148264
0.3130974043
0.5301691324
0.343187874
0.3776169508
0.305290627
0.4248280627
0.3224678571
0.3386170618
0.2855178472
0.4118726881
0.3522647248
0.3140952327
0.3523992722
0.3958070748
0.3117922352
0.3447289298
0.2912553454
0.427379252
0.3124439078
0.3298841792
0.3826122262
0.3600723199
0.366216317
0.4040982588
0.3346953288
0.3319816964
0.3644082412
0.3376844314
0.3378208338
0.3245272167
0.3706791195
0.3295205574
0.3420364908
0.3332794789
0.3410105634
0.4022646325
0.3194016038
0.4181300811
0.4632133393
0.31462758
0.2737565403
0.338813846
0.3460366258
0.325731181
0.3600411966
0.3244823212
0.3216707973
0.335546479
0.3953962385
0.3564772881
0.3441119253
0.3336087664
0.3205015655
0.3527834129
0.3257132927
0.3422864347
0.2969338775
0.3835304116
0.3316820054
0.353483657
0.378160235
0.3372879838
0.3183400191
0.4229545076
0.3725468402
0.4036347848
0.367689194
0.4855676657
0.3196359336
0.3505571926
0.3130974043
0.2912967906
0.2816080645
0.5301691324
0.4524646497
0.3635712556
0.343187874
0.282889846
0.3204598803
0.4238213598
0.4311226123
0.5456100247
0.4118726881
0.4098617207
0.3224678571
0.3240298554
0.3494471951
0.2855178472
0.3447289298
0.3466518489
0.352081776
0.3140952327
0.3958070748
0.3117922352
0.417221702
0.4074579279
0.318054558
0.3556146663
0.3124439078
0.3319816964
0.3506538525
0.2995487253
0.3656901134
0.3744461994
0.3245272167
0.3135721973
0.3332794789
0.4022646325
0.2905313619
0.3295205574
0.335546479
0.3410105634
0.4185541677
0.3402280634
0.3269313737
0.3441119253
0.3452036576
0.3194016038
0.3329922604
0.3081866384
0.3490860659
0.2969338775
0.3121557046
0.353483657
0.2504736935
0.3172586238
0.3205015655
0.3564772881
0.3893814061
0.3130974043
0.4257048386
0.4346989451
0.3446057189
0.3930609631
0.3496680023
0.378160235
0.3183400191
0.328289004
0.3725468402
0.325731181
0.3372879838
0.3351346669
0.3024693128
0.3845268818
0.3196359336
0.4304338681
0.3178515763
0.343187874
0.3635712556
0.4617300871
0.5301691324
0.3952691641
0.2912967906
0.3447289298
0.3191767418
0.4487779284
0.290613797
0.3494471951
0.4098617207
0.3454881054
0.3459523502
0.4118726881
0.2952466645
0.2855178472
0.3457322904
0.3483010011
0.3117922352
0.3140952327
0.41607834
0.318054558
0.3973316214
0.3556146663
0.3455003983
0.3124439078
0.3123584668
0.3245272167
0.2882855812
0.3970183893
0.3213468629
0.3744461994
0.3232794897
0.4172287972
0.4185541677
0.3649907363
0.3295205574
0.3410105634
0.3476591501
0.3362207414
0.353483657
0.3165217611
0.3020282453
0.3133818771
0.3441119253
0.398242166
0.3513426763
0.3296355063
0.3194016038
0.4346989451
0.3183400191
0.3509022792
0.2504736935
0.3564772881
0.3488894817
0.3073869501
0.2969338775
0.3226490437
0.3530962623
0.3172586238
0.3205015655
0.3562206955
0.3372879838
0.3024693128
0.333675716
0.325731181
0.3312537776
0.3755459375
0.4304338681
0.4617300871
0.3196359336
0.3982675099
0.3178515763
0.5301691324
0.345065336
0.3185883475
0.3737210702
0.2912967906
0.3467604546
0.3454881054
0.3459523502
0.4118726881
0.4098617207
0.3659084501
0.2905666793
0.3457322904
0.3117922352
0.2952466645
0.3483010011
0.2855178472
0.4124730713
0.3140952327
0.4054767808
0.3199568522
0.3123584668
0.3124439078
0.3970183893
0.3217947519
0.3314878625
0.3744461994
0.3237304019
0.2882855812
0.3331876937
0.3232794897
0.4014084307
0.3295205574
0.3362207414
0.3165217611
0.353483657
0.3133818771
0.3053287037
0.3327594004
0.3333429979
0.4346989451
0.3296355063
0.3183400191
0.3660738984
0.3476591501
0.3513426763
0.3488894817
0.3564772881
0.3262393643
0.3509022792
0.3020282453
0.244915259
0.3194016038
0.3172586238
0.3372879838
0.33774979
0.3346528207
0.3729700269
0.3073869501
0.3205015655
0.3755459375
0.4617300871
0.4353475909
0.3376092008
0.4209589988
0.3146141538
0.3196359336
0.5301691324
0.3467134677
0.3178515763
0.2851813052
0.4008550012
0.4118726881
0.3737210702
0.2912967906
0.3476652154
0.4098617207
0.3521846567
0.3644025031
0.3117922352
0.2905666793
0.4096753339
0.2952466645
0.3978721516
0.3437172591
0.3677420555
0.2547975857
0.3123584668
0.3460834911
0.3124439078
0.3140952327
0.3689290571
0.3298129486
0.3348126217
0.3861888172
0.2882855812
0.3286982256
0.4014084307
0.333804867
0.3232794897
0.353483657
0.3722033511
0.3165217611
0.3293278487
0.3333429979
0.4383906235
0.3271972346
0.3564772881
0.3053287037
0.3368090353
0.3509022792
0.3488894817
0.3410961989
0.366354891
0.3476591501
0.244915259
0.3372879838
0.3557601766
0.3020282453
0.3380717908
0.3226688086
0.3740451823
0.2992841548
0.3239922749
0.3755459375
0.3073869501
0.4617300871
0.4209589988
0.4560282529
0.3196359336
0.575439908
0.3146141538
0.3376092008
0.4008550012
0.4118726881
0.2765829551
0.3257996213
0.4098617207
0.3476652154
0.4096753339
0.3613089905
0.3737210702
0.2912967906
0.3604986312
0.2328153541
0.3117922352
0.3123584668
0.2675283759
0.3677420555
0.3296876345
0.3525359301
0.3409398926
0.2952466645
0.3044074143
0.2547975857
0.2751319895
0.3935835677
0.3380510711
0.3178641025
0.389366261
0.2882855812
0.3140952327
0.329640892
0.333804867
0.353483657
0.4207577276
0.3205010832
0.3527634682
0.4383906235
0.4004304467
0.3488894817
0.3242465522
0.3183463319
0.3740927875
0.3327959659
0.3358431393
0.366354891
0.3332419295
0.3372879838
0.3493148346
0.3509022792
0.3053287037
0.244915259
0.3380717908
0.3267477689
0.4617300871
0.3020282453
0.3244682091
0.304321638
0.3755459375
0.3740451823
0.3073869501
0.4560282529
0.575439908
0.2992841548
0.3873552825
0.3196359336
0.3376092008
0.3146141538
0.4096753339
0.4118726881
0.4008550012
0.4232749118
0.2765829551
0.3257996213
0.3123584668
0.3168691905
0.3613089905
0.2328153541
0.3737210702
0.3677420555
0.3117922352
0.2912967906
0.3525359301
0.3933562255
0.2675283759
0.3417172412
0.3371772505
0.3044074143
0.2952466645
0.3244116042
0.2725644532
0.3935835677
0.2547975857
0.3131729675
0.3178641025
0.412455794
0.2882855812
0.353483657
0.3333500603
0.333804867
0.3183463319
0.3140952327
0.4383906235
0.3189796921
0.3740927875
0.3428082209
0.3205010832
0.3488894817
0.4691580526
0.3154271436
0.3372879838
0.307057543
0.3314696773
0.378047303
0.3415671098
0.3554259704
0.4617300871
0.3053287037
0.3380717908
0.244915259
0.3267477689
0.3262006783
0.3030192001
0.304321638
0.4357584821
0.4686888145
0.465117591
0.3755459375
0.3073869501
0.3740451823
0.2999723844
0.4096753339
0.3779945616
0.3429176118
0.3196359336
0.3160484889
0.3376092008
0.4118726881
0.3086457356
0.4232749118
0.3677420555
0.3525359301
0.2858241382
0.3737210702
0.2328153541
0.3117922352
0.3613089905
0.3257996213
0.2695494271
0.3168691905
0.3246006782
0.2675283759
0.3417172412
0.3999531602
0.3351896106
0.3266755811
0.2952466645
0.2725644532
0.3131729675
0.2882855812
0.3148803438
0.3178641025
0.3419297474
0.4167493353
0.353483657
0.314180752
0.2547975857
0.333804867
0.4383906235
0.3154271435
0.3213954924
0.3322460269
0.3372879838
0.3314696773
0.3297828866
0.3205010832
0.4909390218
0.3673924571
0.3140952327
0.3488894817
0.4617300871
0.3233859283
0.3554259704
0.3348624351
0.3075852945
0.3129837452
0.244915259
0.4357584821
0.304321638
0.3267477689
0.4807049559
0.3030192001
0.3755459375
0.465117591
0.3230148445
0.3429176118
0.3073869501
0.334764624
0.3765431897
0.3677420555
0.3651101998
0.3110529233
0.3196359336
0.3376092008
0.4118726881
0.4232749118
0.3615163055
0.3086457356
0.2858241382
0.3621925393
0.3117922352
0.236357309
0.3613089905
0.3411129735
0.2695494271
0.3168691905
0.3282626991
0.2675283759
0.3999531602
0.3417172412
0.346713268
0.2952466645
0.3131729675
0.314180752
0.3419297474
0.3340838452
0.2725644532
0.353483657
0.4167493353
0.2882855812
0.3178641025
0.3148803438
0.3128201293
0.4694791103
0.333804867
0.3372879838
0.3673924571
0.3297828866
0.4909390218
0.299486649
0.3252034924
0.2547975857
0.3067816536
0.3314696773
0.3385081856
0.4617300871
0.3554259704
0.3171463753
0.3216254797
0.3348624351
0.4357584821
0.3292432805
0.3075852945
0.4807049559
0.244915259
0.304321638
0.3230148445
0.3429176118
0.3030192001
0.3755459375
0.3267477689
0.334764624
0.3667905354
0.3073869501
0.3765431897
0.4118726881
0.4232749118
0.3615163055
0.3131886474
0.3566910261
0.3376092008
0.3196359336
0.3086457356
0.3621925393
0.236357309
0.2858241382
0.3117922352
0.3411129735
0.3613089905
0.3999531602
0.2630260636
0.346713268
0.2675283759
0.3168691905
0.314180752
0.3282626991
0.3386993701
0.353483657
0.3417172412
0.3419297474
0.2882855812
0.2725644532
0.3178641025
0.3340838452
0.345686846
0.4167493353
0.2952466645
0.3148803438
0.359579771
0.3350321703
0.3673924571
0.3297828866
0.4617300871
0.299486649
0.3597631901
0.3067816536
0.3385081856
0.3314696773
0.5336029542
0.2547975857
0.3554259704
0.3155435609
0.3171463753
0.4357584821
0.3663482973
0.3166029499
0.3195644637
0.3167612108
0.336280264
0.338729861
0.3197593648
0.3215456702
0.345425907
0.3394188081
0.3179069462
0.3545788051
0.3299000739
0.3259218369
0.3544983914
0.2627189962
0.3219484211
0.347990321
0.3090869211
0.3233156688
0.3319478103
0.3135528523
0.3550130912
0.333909954
0.3027495416
0.3609351861
0.3240495147
0.3231392429
0.3068639266
0.3675424403
0.3144689797
0.3308399185
0.3554129763
0.3285468678
0.3441421983
0.3219547494
0.2890321128
0.3116408144
0.3372735264
0.3522502114
0.3232651157
0.2932577568
0.3675561468
0.320675742
0.326429971
0.3090429046
0.3222934189
0.3425262675
0.3569782889
0.2509795655
0.3057837409
0.3140889433
0.2892308392
0.2891205057
0.3595791765
0.3494417234
0.3237187323
0.3297785852
0.3304634419
0.2815774053
0.2968940364
0.3276942891
0.2771081673
0.3120492963
0.3323724399
0.3284583913
0.323940882
0.3206180564
0.3511042992
0.3225751078
0.2954330682
0.340091937
0.3118509802
0.3392018972
0.2596662989
0.2856504457
0.2902783498
0.3166790474
0.3025982912
0.2816847555
0.3386177871
0.2924066512
0.3148389375
0.3296528201
0.2688571913
0.3004545652
0.2532673657
0.3135793394
0.3413160401
0.3089458162
0.3098214332
0.3160045676
0.3434505576
0.3534460434
0.3260197388
0.329999621
0.3591320217
0.2916651462
0.3119986033
0.3490911028
0.2725204012
0.3532368319
0.2680166702
0.3631219124
0.3582839117
0.3557882596
0.3324922674
0.3259653458
0.2666669648
0.3267464119
0.3612712
0.3715016819
0.3336736538
0.3585953956
0.3253827728
0.3264661694
0.3174271065
0.3324238883
0.3533585919
0.328867504
0.3169749665
0.3211144649
0.3259169674
0.2486166901
0.3153441963
0.3111869021
0.2809946209
0.3441359793
0.3708470468
0.3040690012
0.2781855236
0.3236187065
0.2903961102
0.3639474139
0.2911846919
0.3017388013
0.3289199095
0.2881837314
0.3255202677
0.3361272193
0.3166581108
0.3166029499
0.3251763289
0.3272931502
0.3215456702
0.3167612108
0.3287741882
0.3742086485
0.3451028845
0.3733032985
0.3512766913
0.3483899455
0.3462566156
0.3634072482
0.3609718673
0.3202683787
0.3209240344
0.3318325827
0.332012034
0.3399281731
0.3353597376
0.2931720598
0.2242049922
0.3284583913
0.3315493195
0.3119185278
0.3286503197
0.2909592907
0.3327815826
0.3422954786
0.3438828874
0.346307582
0.36035529
0.3411471935
0.3481916071
0.339607834
0.302936504
0.3243109526
0.3585115926
0.3322018623
0.3578522204
0.319622443
0.333601186
0.3207394176
0.3158817857
0.2949666496
0.3425262675
0.3324079723
0.2530399678
0.326429971
0.3297444609
0.3493087554
0.3102186867
0.2525404108
0.3098806481
0.3070648523
0.358200085
0.3098214332
0.2679378797
0.3325152406
0.2551042959
0.3251888951
0.340260434
0.3068727898
0.3062873659
0.3288159533
0.3325706927
0.3264661694
0.2565126133
0.3208156124
0.3007269765
0.3626671305
0.3346227919
0.3175903252
0.2954997773
0.2546592098
0.2735997546
0.3245415699
0.3197451698
0.3058614439
0.3232475268
0.3230100197
0.3267464119
0.3128171144
0.3225691833
0.3145270269
0.2513305738
0.3169749665
0.2625256332
0.2894333899
0.3342521883
0.307985441
0.2967813185
0.3285344965
0.2707775069
0.3249957389
0.3241178647
0.3412714524
0.3398463576
0.3365551598
0.2640580633
0.3504954165
0.3153441963
0.3536467722
0.3451110098
0.2561745669
0.2771081673
0.3324145202
0.3214472578
0.2912109681
0.3032499997
0.3133158692
0.2911846919
0.3497605637
0.3162040778
0.3515138861
0.3154294088
0.26498374
0.3712378603
0.3663875608
0.2952708458
0.3732008842
0.3294229954
0.2870661933
0.2873715755
0.3453275691
0.3122303236
0.2903961102
0.2390030566
0.3259169674
0.3233156688
0.2710330345
0.3038004856
0.3290015316
0.3109325456
0.3109325456
0.3109325456
0.3183972707
0.3595567829
0.3446395314
0.368348294
0.3601454618
0.2930988766
0.3202683787
0.3426014888
0.3444513673
0.2242049922
0.3211958749
0.3350589314
0.3634072482
0.2971726052
0.3518605742
0.3343891564
0.3287589107
0.3124937019
0.3503324223
0.3327815826
0.339607834
0.36035529
0.3335478401
0.3452561772
0.3497587957
0.2744584474
0.3287907635
0.2757296344
0.347777164
0.3051675093
0.3250360418
0.2949666496
0.3109325456
0.3091015923
0.3276964724
0.326429971
0.2530399678
0.3423867821
0.34337409
0.3583292257
0.263773098
0.3645679743
0.2525404108
0.3583480109
0.3173298051
0.3305950487
0.3486938677
0.2735997546
0.2546592098
0.3297444609
0.2551042959
0.3345237929
0.3251888951
0.3232475268
0.3051650635
0.3267464119
0.3325706927
0.3179741503
0.2954997773
0.2902806949
0.323992178
0.301583222
0.3365551598
0.2565126133
0.299154488
0.3020943449
0.2894333899
0.3181365983
0.2984432935
0.2707775069
0.3334545327
0.2513305738
0.2963099074
0.3412714524
0.3415253289
0.2893470517
0.2443761991
0.3285344965
0.3295960046
0.3067343115
0.3145270269
0.2640580633
0.3313773557
0.3327741189
0.3615799371
0.3536467722
0.2962454137
0.2561745669
0.2648754733
0.3214472578
0.3013329914
0.3119795115
0.2917069192
0.3472874882
0.3109325456
0.3162040778
0.3515138861
0.3239706704
0.3712378603
0.2848507716
0.3583967984
0.2728116626
0.2927305876
0.3122303236
0.3337114645
0.337694103
0.2390030566
0.3387664074
0.3259169674
0.3252729766
0.3109325456
0.3259048003
0.3109325456
0.313798327
0.3109325456
0.3183972707
0.3109325456
0.2224499227
0.3601454618
0.3595567829
0.3718001076
0.300966021
0.3033628867
0.3565938304
0.3211958749
0.2242049922
0.3350589314
0.3562860998
0.322318128
0.3059618117
0.2971726052
0.3287589107
0.3283316727
0.36035529
0.3327815826
0.3398537836
0.3350725999
0.3523156744
0.3685614777
0.2941063298
0.3518570603
0.3250360418
0.2792998279
0.3102400691
0.2949666496
0.326429971
0.3091015923
0.2530399678
0.3423867821
0.3378727155
0.34337409
0.365472579
0.3645679743
0.263773098
0.2481756893
0.3305950487
0.3182203077
0.3173298051
0.3109325456
0.2654419273
0.3486938677
0.2664993921
0.2546592098
0.3345237929
0.3251888951
0.3297444609
0.3358336944
0.3264266942
0.3247862196
0.323992178
0.2893470517
0.3415253289
0.3365551598
0.2902806949
0.3064757734
0.2467411126
0.301583222
0.2908478967
0.299154488
0.333577103
0.3489079743
0.2903601167
0.3278259276
0.2443761991
0.2565126133
0.3067343115
0.3417600147
0.3144516258
0.2640580633
0.3085409754
0.3349330384
0.3327741189
0.3013329914
0.3313773557
0.3145270269
0.2787253788
0.2707775069
0.3645203802
0.3162040778
0.3214472578
0.3536467722
0.3239706704
0.2648754733
0.2561745669
0.3002085102
0.2962454137
0.2764802186
0.3712378603
0.3324567841
0.2848507716
0.2851304992
0.3583967983
0.2927305876
0.3122303236
0.337694103
0.2390030566
0.3335114855
0.3259169674
0.3252729766
0.3109325456
0.3259048003
0.313798327
0.3109325456
0.3109325456
0.297009411
0.3601454618
0.2224499227
0.3562297928
0.3718001076
0.300966021
0.3033628867
0.3211958749
0.3350589314
0.223070845
0.3599515274
0.3562860998
0.322318128
0.308489015
0.3287589107
0.3327815826
0.2971726052
0.36035529
0.3564113305
0.3431240122
0.3685614777
0.3255474661
0.3221238498
0.2938929411
0.3378064098
0.3555528257
0.3170582645
0.2840547927
0.2949666496
0.2530399678
0.263773098
0.326429971
0.3645679743
0.3091015923
0.2481756893
0.3462864195
0.34337409
0.3378727155
0.3305950487
0.3158720869
0.3297444609
0.2546592098
0.2762338327
0.3486938677
0.3358336944
0.3403156495
0.3247862196
0.2664993921
0.3415253289
0.3490046904
0.2893470517
0.2902806949
0.323992178
0.3206430754
0.3251888951
0.3345237929
0.3109325456
0.299154488
0.301583222
0.2678028408
0.2467411126
0.3278259276
0.333577103
0.285224567
0.2443761991
0.3417600147
0.3489079743
0.3067343115
0.2565126133
0.2640580633
0.3130833315
0.3020372735
0.3085409754
0.3327741189
0.3162040778
0.3106729813
0.3013329914
0.3145270269
0.2787253788
0.2726553729
0.3645203802
0.3536467722
0.3214472578
0.3375203143
0.2561745669
0.2648754733
0.3348215457
0.2756139675
0.3712378603
0.3264379828
0.2962454137
0.2848507716
0.2851304992
0.3122303236
0.3583967983
0.2927305876
0.337694103
0.3259169674
0.3192325722
0.3212427766
0.333765992
0.3458652061
0.315654304
0.316182776
0.33096781
0.3207496655
0.2982509614
0.3152862275
0.3076418932
0.2736274675
0.3156068767
0.2760074768
0.3154704413
0.2332489237
0.2921154502
0.3612248694
0.3136004177
0.4287429338
0.3427814682
0.3310956271
0.3012412483
0.3247847131
0.3143362888
0.3125782044
0.2880603011
0.3151780119
0.312300424
0.3063136909
0.4758768972
0.3207700535
0.3212427766
0.3243891638
0.3009687
0.3012412483
0.3207496655
0.3681453622
0.4226245668
0.3396723123
0.3115551161
0.352733912
0.2490360167
0.2760074768
0.5359296754
0.4758768972
0.3480187043
0.32007368
0.3312924681
0.3069699465
0.33096781
0.2880603011
0.3676466106
0.2921154502
0.2686480446
0.3063136909
0.3009687
0.352733912
0.3689663993
0.3427814682
0.3069699465
0.3480187043
0.3596242229
0.3377907577
0.3596242229
0.2583713337
0.2515015734
0.3209584694
0.2916146898
0.3656789234
0.4241418918
0.406916623
0.4718585808
0.3333879347
0.3153412441
0.3045820192
0.4227925522
0.4325612891
0.1941414675
0.3621422403
0.390171673
0.2809773692
0.3636931643
0.3504939006
0.24391641
0.3531263157
0.318750963
0.3512498502
0.2240382469
0.204437586
0.2806470144
0.3023484732
0.2469106293
0.311917876
0.3224820521
0.2977805149
0.3659451504
0.3023446856
0.2565388967
0.3458855352
0.3446780253
0.3200251308
0.3533543422
0.2284735673
0.2861992502
0.2640297734
0.2280621033
0.3633686395
0.318772901
0.2286516147
0.2056355213
0.2250170134
0.2613005387
0.2740556346
0.3158807478
0.2827840283
0.3411694804
0.3186263386
0.3587929767
0.2800569764
0.3191394854
0.3032279016
0.271419084
0.2777388155
0.263428954
0.2885488719
0.3219143365
0.2363758239
0.2925110239
0.2666457925
0.2685862318
0.2986451716
0.2675680709
0.326955911
0.2838015489
0.2341745305
0.2746618952
0.3320741263
0.3683197216
0.3313904848
0.3181053415
0.2375197675
0.358343631
0.3104189363
0.3177849603
0.3299607602
0.2052025547
0.3471859027
0.3334240574
0.2475603088
0.2634186028
0.3181493534
0.3046555728
0.3560077823
0.2386941638
0.3611868991
0.2760558608
0.2267122308
0.302170753
0.3378999727
0.2458001669
0.2983476964
0.3000034412
0.2967485093
0.2826792396
0.2421822267
0.3484235121
0.3323818104
0.312118985
0.3586737325
0.3030345148
0.3313650279
0.2306247073
0.2749381836
0.2730460151
0.202698725
0.2524969349
0.2473041352
0.2249039431
0.228902032
0.277196272
0.3191394854
0.3368858406
0.2850237167
0.3952081943
0.2181671929
0.2341745305
0.1908984779
0.226606167
0.2948554318
0.2198616284
0.204437586
0.2445220449
0.3334240574
0.301970553
0.2145820344
0.2334352875
0.2356092635
0.2787598417
0.2056355213
0.3058818362
0.2519940992
0.2702211148
0.3177849603
0.2286516147
0.3446773085
0.2386677718
0.2903815715
0.2129093336
0.2121744468
0.2415502503
0.3136242764
0.2963913995
0.3301779608
0.2363758239
0.2210453209
0.2374244822
0.2447788917
0.3177657631
0.3047256001
0.2485377197
0.2200962763
0.2521953543
0.3457483277
0.3609828257
0.2678834253
0.23900618
0.3316414595
0.2426559257
0.2139589602
0.25195578
0.2673747352
0.2164333357
0.2557410231
0.2138558319
0.3522040103
0.2004308011
0.261278842
0.2386941638
0.383961392
0.2477557496
0.2992255017
0.287356387
0.280374838
0.1919356575
0.2852986215
0.3382161528
0.2591750472
0.2848111485
0.1961523285
0.3320741263
0.3239354572
0.2396545124
0.2919284395
0.3224828206
0.2397700385
0.2559523481
0.3081746082
0.2482948884
0.2986451716
0.3842264143
0.2554312205
0.2750740852
0.2635540065
0.3026268121
0.3541025255
0.2982885057
0.352394605
0.2996554275
0.3302857438
0.2886470798
0.3351705548
0.2525904247
0.2942592905
0.2680248005
0.2070141985
0.2692759142
0.3301779608
0.3047256001
0.2735258627
0.2544780863
0.2947890781
0.2670944298
0.2892853195
0.227460449
0.2416395844
0.2954436776
0.2209984127
0.2350227043
0.199386785
0.2691473978
0.2270123171
0.4387440497
0.3609828257
0.2884509904
0.1913255298
0.3952081943
0.2804159661
0.2637291346
0.275559168
0.2252721306
0.3125117461
0.2708147623
0.3127311607
0.2562532886
0.2008995681
0.3184518059
0.3070667111
0.2852986215
0.3488634405
0.3987004813
0.2709154087
0.3262165196
0.2414938178
0.2454155178
0.3287330629
0.2726270064
0.2773692152
0.3251650332
0.3527130494
0.2644108515
0.2721575832
0.255916783
0.2720741732
0.2335825541
0.2300785218
0.2508925771
0.243707605
0.2684532599
0.3242434442
0.1901033135
0.1946159309
0.2526340425
0.2601143743
0.3363546584
0.2268347158
0.3030073732
0.3375162179
0.3487314851
0.3072386301
0.3457483277
0.2603433034
0.288718228
0.2823148677
0.2918241387
0.2982885057
0.2774507279
0.3954085426
0.3019168113
0.3512966399
0.260173975
0.3146578321
0.2693989962
0.2412737224
0.2109466863
0.2687893469
0.3730340896
0.3268678887
0.3220192529
0.2788623322
0.3112324138
0.3352728106
0.2853382738
0.3344957387
0.2910441612
0.3451731241
0.2318999114
0.2456927791
0.3223074587
0.318903646
0.4010534266
0.3166998078
0.3072386301
0.2333356953
0.2896391826
0.3172853705
0.2708594858
0.2512486797
0.2779105741
0.3501186081
0.3219277071
0.3397558123
0.3754435376
0.2376268555
0.3753861884
0.2584121211
0.3269239864
0.3354211955
0.2656955104
0.3565347545
0.2447218895
0.2988476226
0.4118581442
0.2180417446
0.3108825311
0.264079339
0.3497900785
0.4070716507
0.2303361703
0.1868296209
0.3108227932
0.3106591305
0.3063765064
0.3002740522
0.293048884
0.2850246866
0.2764782051
0.2674794726
0.258204921
0.2486316647
0.2387738819
0.2285736612
0.2178756783
0.2067426511
0.1950742151
0.1830205161
0.1704862375
0.15798238
0.1489286587
0.1579823792
0.1704862378
0.1830205157
0.1950742152
0.2067426514
0.217875679
0.2285736611
0.2387738817
0.2486316647
0.258204921
0.2674794729
0.2764782048
0.2850246865
0.2930488839
0.3002740523
0.306376506
0.3106591305
0.3122711345
0.3063765064
0.3002740522
0.293048884
0.2850246866
0.2764782051
0.2674794726
0.258204921
0.2486316647
0.2387738819
0.2285736612
0.2178756783
0.2067426511
0.1950742151
0.1830205161
0.1704862375
0.15798238
0.1489286587
0.1579823792
0.1704862378
0.1830205157
0.1950742152
0.2067426514
0.217875679
0.2285736611
0.2387738817
0.2486316647
0.258204921
0.2674794729
0.2764782048
0.2850246865
0.2930488839
0.3002740523
0.306376506
0.3106591305
0.3122711345
0.3122660655
0.3122606792
0.3121805198
0.3120753635
0.3120080612
0.3119314297
0.3118458971
0.3117519301
0.3116500665
0.3115408918
0.3114249967
0.311303049
0.3111757566
0.3110438424
0.3109080673
0.3107692371
0.3106281381
0.3104856271
0.3103425499
0.3101997873
0.3100581815
0.3099186483
0.3097820759
0.309649355
0.3095213532
0.3093989619
0.3092830425
0.3091744546
0.309074032
0.3089825984
0.3089009467
0.3088298844
0.3087701412
0.3087224471
0.3086874989
0.3086659772
0.3086585007
0.3086656875
0.3086881046
0.308726277
0.3087807528
0.3088519863
0.3089404186
0.3090464771
0.3091704913
0.3093128678
0.3094738747
0.3122660655
0.3122606775
0.3122177905
0.3121805198
0.3120753635
0.3120080612
0.3119314297
0.3118458971
0.3117519301
0.3116500665
0.3115408918
0.3114249967
0.311303049
0.3111757566
0.3110438424
0.3109080673
0.3107692371
0.3106281381
0.3104856271
0.3103425499
0.3101997873
0.3100581815
0.3099186483
0.3097820759
0.309649355
0.3095213532
0.3093989619
0.3092830425
0.3091744546
0.309074032
0.3089825984
0.3089009467
0.3088298844
0.3087701412
0.3087224471
0.3086874989
0.3086659772
0.3086585007
0.3086656875
0.3086881046
0.308726277
0.3087807528
0.3088519863
0.3089404186
0.3090464771
0.3091704913
0.3093128678
0.3094738747
0.3122660655
0.3122836504
0.3123366065
0.3124247855
0.3125484682
0.3127078766
0.3129031908
0.3131347429
0.3134028364
0.3137078752
0.3140504313
0.3144309097
0.3148499149
0.315307998
0.315805814
0.3163441263
0.3169236621
0.3175452166
0.3182096084
0.3189175991
0.3196702779
0.3204686007
0.3213135177
0.3222060621
0.3231471689
0.3241381686
0.3251801976
0.3262744278
0.32742191
0.3286239416
0.3298820589
0.3311977392
0.3325716621
0.3340060298
0.3355014885
0.3370601124
0.3386835089
0.34037247
0.3421292584
0.3439550909
0.3458521067
0.3478220963
0.349865896
0.3519861097
0.3541840486
0.3564621912
0.3588225347
0.3612659358
0.3637954486
0.3664123563
0.3122660655
0.3122836411
0.3123366056
0.3124247844
0.3125484482
0.3127078752
0.3129031789
0.3131347309
0.3134028307
0.3137078641
0.3144309003
0.3148499074
0.3158057997
0.3169236358
0.3182095869
0.3196702542
0.3370600872
0.3386834836
0.3403724359
0.3421292221
0.3439550502
0.3458520696
0.347822069
0.3498658607
0.3519860791
0.3541840117
0.3564621551
0.3588225007
0.3612659021
0.3637954105
0.3664123243
0.3122660655
0.3120957859
0.3119753696
0.3119035238
0.3118790173
0.3119005645
0.3119667991
0.3120767452
0.3122288844
0.3124223683
0.3126560334
0.3129286089
0.3132394709
0.3135870846
0.3139704278
0.314388817
0.3148411815
0.3153265147
0.3158439055
0.3163924743
0.3169714895
0.3175798355
0.3182168248
0.3188814502
0.3195730488
0.3202909631
0.3210342899
0.3218024698
0.3225945445
0.3234097647
0.3242475334
0.3251074017
0.3259884763
0.3268901884
0.3278117831
0.3287531387
0.3297131803
0.3306913631
0.3316870655
0.3327000018
0.3337296577
0.3347752712
0.3358365586
0.3369127659
0.3380035759
0.3391086113
0.3402271369
0.3413590216
0.3425032969
0.343660239
0.3122660655
0.31248756
0.3134736665
0.3139145296
0.3144137758
0.3149732661
0.3155944755
0.316279125
0.3170287516
0.3178449657
0.3187296823
0.3196848544
0.322991064
0.3255821479
0.3269998131
0.3394067405
0.3415619587
0.3438207933
0.3461854487
0.3567574969
0.3762814569
0.3920433489
0.4008334771
0.3122660655
0.3122933374
0.3125119036
0.3127032566
0.3129495717
0.3132509266
0.3136076048
0.3140198269
0.3144878407
0.3150118945
0.3155926165
0.3176779211
0.3184890795
0.3202887772
0.3223289763
0.3234411944
0.3285220748
0.329954696
0.3314541048
0.3330214182
0.3346576797
0.336364399
0.3399926552
0.3419166851
0.3439162121
0.3459921536
0.3481458217
0.3526936982
0.3575721956
0.3601397022
0.3627947215
0.3655397053
0.3743307245
0.3774538263
0.3840012704
0.3874306753
0.3122660655
0.3122933372
0.3125119034
0.312703254
0.3129495781
0.313250921
0.3136075978
0.3144878324
0.3150118919
0.3169252185
0.3184890799
0.3193592433
0.3202887757
0.3212786992
0.324615708
0.3258535407
0.3285220753
0.3299546952
0.3314541037
0.3363643966
0.3419166824
0.3439162088
0.345992151
0.3481458216
0.3503793697
0.3526937
0.3550909839
0.357572195
0.3601397017
0.3627947181
0.3655397041
0.3683754353
0.3713054368
0.3743307223
0.37745383
0.3806767813
0.3122660655
0.3122660161
0.3122657979
0.3122654892
0.3122651871
0.3122647311
0.3122645615
0.3122643276
0.3122643531
0.312265581
0.3122670828
0.3122723256
0.3122885809
0.3122972154
0.3123077423
0.3123353587
0.3123529709
0.3123736008
0.3123973726
0.3124247239
0.3124558881
0.3124910273
0.3125308399
0.3125753635
0.3126250628
0.3126802248
0.3127411911
0.3128084259
0.3128822114
0.3129629927
0.3130511475
0.3131471541
0.3132511824
0.3133639003
0.3134855913
0.3137576429
0.3139088999
0.3140707498
0.3144285624
0.3146253068
0.3148343151
0.3150564464
0.3152919372
0.3122660655
0.3122660102
0.3122658003
0.3122654883
0.3122651861
0.3122647309
0.312264567
0.3122643304
0.3122643558
0.3122647643
0.3122670823
0.3122691849
0.3122723329
0.3122764203
0.3122818362
0.3122885821
0.312307744
0.3123202773
0.312335359
0.3123529695
0.3123736006
0.3123973703
0.3124247256
0.3124558907
0.3124910246
0.3125753663
0.3126250645
0.3126802236
0.3127411936
0.3128084283
0.3128822036
0.312963003
0.3130511565
0.3131471527
0.3132511801
0.3133639
0.3134855925
0.3136166853
0.3137576417
0.3139088979
0.3140707495
0.3142439518
0.3144285637
0.3146253089
0.3148343123
0.3150564487
0.3152919371
0.3122379835
0.3121539623
0.3120145842
0.3118208807
0.311574249
0.3112761942
0.3109286977
0.3105338334
0.3100938266
0.3096110203
0.3090876993
0.3085263102
0.3079291835
0.3072985997
0.3066366146
0.3059456079
0.3052275382
0.3044844404
0.3037180225
0.3029302031
0.3021225309
0.3012966732
0.3004540533
0.299596092
0.298724229
0.2978396645
0.2969437472
0.2960374841
0.2951221204
0.2941987254
0.293268222
0.2923316749
0.2913899651
0.2904441595
0.2894949794
0.288543377
0.2875901135
0.2866361418
0.2856820593
0.284728783
0.2837770089
0.2828274825
0.2818808887
0.2809379683
0.2799993971
0.2790656851
0.2781377203
0.2772160008
0.2763012976
0.3122379835
0.3121539623
0.3120145536
0.3118208497
0.3115741629
0.3112761079
0.3109286114
0.3105337469
0.31009374
0.3096108816
0.3090875767
0.3085261864
0.3079290087
0.3072984244
0.3066365314
0.3059455285
0.3052274661
0.3044843243
0.3037179083
0.3029300473
0.3021223776
0.3012965224
0.3004539046
0.2995959452
0.2987240294
0.2978394647
0.2969435113
0.2960372488
0.2951218855
0.2941984909
0.2932679533
0.292331373
0.2913896611
0.2904438533
0.2894946444
0.2885430407
0.2875897758
0.2866358026
0.2856816583
0.2847283569
0.2837765789
0.2828270312
0.2818804346
0.280937434
0.2799988564
0.279065138
0.278137156
0.2772153614
0.2763005206
0.3122542254
0.3122187456
0.3121596913
0.3120771925
0.3119714024
0.3118425268
0.3116908324
0.3115166314
0.3113202489
0.3111021077
0.3108626495
0.3106023227
0.3103216565
0.3100211944
0.3097015593
0.309363377
0.3090073438
0.3086341761
0.3082445624
0.3078392649
0.3074191105
0.3069849665
0.3065376149
0.3060780009
0.3056070362
0.3051255294
0.3046345317
0.3041349176
0.3036277402
0.3031139015
0.3025944656
0.3020704214
0.3015427499
0.3010124765
0.3004805966
0.2999481802
0.2994161524
0.2988856588
0.2983577317
0.2978331883
0.2973131563
0.2967985852
0.296290468
0.2957897825
0.2952975193
0.2948145767
0.3122542254
0.3122187456
0.3121596913
0.3120771925
0.3119714024
0.3118425268
0.3116908324
0.3115166314
0.3113202489
0.3111021077
0.3108626495
0.3106023227
0.3103216565
0.3100211944
0.3097015593
0.309363377
0.3090073438
0.3086341761
0.3082445624
0.3078392649
0.3074191105
0.3069849665
0.3065376149
0.3060780009
0.3056070362
0.3051255294
0.3046345317
0.3041349176
0.3036277402
0.3031139015
0.3025944656
0.3020704214
0.30154275
0.3010124765
0.3004805966
0.2999481802
0.2994161524
0.2988856588
0.2983577317
0.2978331883
0.2973131563
0.2967985852
0.296290468
0.2957897825
0.2952975193
0.2948145767
0.3122660655
0.3130779542
0.3139024993
0.3147398202
0.3155902936
0.3164533133
0.3173293399
0.3182184126
0.3191207478
0.3200360562
0.3209645612
0.3219065201
0.3228618612
0.3238308257
0.3248130802
0.3258093495
0.326819321
0.3278433874
0.3299333199
0.3309997691
0.3320806371
0.3331758859
0.3342859933
0.3354110915
0.3365508498
0.3377058064
0.3388759586
0.3400616825
0.341262938
0.3424797717
0.3437127678
0.3449617378
0.3462270106
0.3475084225
0.3488067033
0.3501218752
0.3514539462
0.3528028403
0.3541694269
0.355553426
0.3569554377
0.3583747105
0.3598128453
0.3612687866
0.3627438548
0.3642370317
0.3657496851
0.3672812543
0.3688325566
0.3122660655
0.311466848
0.3099064521
0.3091449727
0.3083962565
0.3076600169
0.3055267407
0.3041675079
0.3035065789
0.3028582626
0.3022227371
0.3015997627
0.3009894531
0.3003918119
0.2992350815
0.2986759335
0.2970767047
0.2965696549
0.2960759735
0.2946752424
0.294235181
0.2938092068
0.2933968118
0.2926137422
0.2922433474
0.291887271
0.2909056248
0.290607564
0.2903245925
0.2900565691
0.289803718
0.3119063753
0.3119232708
0.311958259
0.3120116001
0.3120831438
0.3121735071
0.3122829911
0.3124116809
0.3125598102
0.3127280834
0.3129161444
0.3131246631
0.3133537017
0.3138751396
0.3141678199
0.3144821322
0.3148182982
0.3151767204
0.3155577328
0.3159613699
0.3163881684
0.3168381644
0.3173115541
0.3178088571
0.3183301202
0.3188759045
0.3194462382
0.3200412662
0.3206613532
0.3213069869
0.3219782386
0.322675139
0.3233988684
0.3241483579
0.3249248054
0.3257280136
0.3265586936
0.3274168249
0.3283025037
0.3292166883
0.3301585482
0.3311292911
0.3136131604
0.3138445396
0.3140894343
0.3143468183
0.3146169747
0.3148990619
0.3151931717
0.3154987968
0.3158156224
0.316143677
0.3164821428
0.3168312078
0.3171900638
0.3175588189
0.3179371481
0.3183245576
0.3187209151
0.319125688
0.3195390039
0.3199599281
0.3203890652
0.3208255377
0.3212691161
0.3217197322
0.3221769398
0.3226405421
0.3231103934
0.3235864287
0.3240679629
0.3245554057
0.32504819
0.3255459631
0.3260491007
0.3265570747
0.3270700775
0.3275876467
0.3143902054
0.3148388608
0.3153227092
0.3158412848
0.3163944583
0.3169818767
0.317603005
0.3182576743
0.3189454305
0.3196658048
0.3204188811
0.3212041258
0.3220212595
0.3228700952
0.3237500425
0.3246609413
0.3253599977
0.3249709998
0.3246253456
0.3243227768
0.3240628612
0.3238449999
0.3236696785
0.3235361997
0.3234442698
0.323393605
0.3233839264
0.3234149501
0.3234863996
0.3235978582
0.3237492183
0.3239403339
0.3241707951
0.3244403468
0.3247487932
0.3250957439
0.3254809987
0.3121432906
0.3123110433
0.3125210317
0.3127737414
0.3130696833
0.3134094358
0.3137934105
0.3142221429
0.3146962088
0.3152163341
0.3157827255
0.3163961418
0.3170571638
0.3177665117
0.3185246973
0.3193322344
0.32018986
0.3210982343
0.3220580258
0.3230700869
0.3241347719
0.3252532324
0.3264256679
0.3276530647
0.3289362021
0.3302758492
0.3316727765
0.3331277887
0.3346417205
0.3362157184
0.3378502441
0.3395459369
0.3413040092
0.3431253157
0.3450107717
0.3469613044
0.348977862
0.35106186
0.3532134404
0.3554339089
0.3577242709
0.3600858161
0.3122660655
0.313111567
0.3140083529
0.3149569942
0.3159591084
0.3170156297
0.3181276138
0.3192964849
0.3205236246
0.3218098195
0.3231566841
0.3245656818
0.3260379411
0.3275746743
0.3291774707
0.3308477278
0.332586871
0.3343967733
0.3402645101
0.3423715181
0.3445569611
0.346822656
0.3491700832
0.3516011639
0.3541182104
0.3594155845
0.3622005743
0.3650780717
0.3680512952
0.3742902907
0.3766964143
0.3841488047
0.3896917396
0.3926436382
0.3957190113
0.3989216092
0.4022535362
0.4057178801
0.4093177035
0.4130565764
0.4169361505
0.4209605661
0.425133602
0.3122660655
0.3114703896
0.3107235043
0.3087660368
0.3082045525
0.3076869109
0.3072120854
0.3067793694
0.3060362115
0.3054505993
0.3052144858
0.3048525086
0.3047246576
0.3045719495
0.304545405
0.3045512928
0.304588615
0.3046569548
0.3050406359
0.305678995
0.3065552903
0.3080673526
0.3085031138
0.3099407779
0.4301885923
0.3254628777
0.4701725625
0.35724698
0.3604533749
0.3328730359
0.3702136795
0.2884727822
0.4046521705
0.3948511081
0.4123535915
0.2500590927
0.3472037754
0.3384745825
0.3945550927
0.366596817
